0 0 0 0 0.5 0.5 0.5 0.5 0.5
0 0 0 1 0.5 0.5 0.5 0.5 0.5
0 0 0 2 0.5 0.5 0.5 0.5 0.5
0 0 0 3 0.5 0.5 0.5 0.5 0.5
0 0 0 4 0.5 0.5 0.5 0.5 0.5
0 0 1 0 0.5 0.5 0.5 0.5 0.5
0 0 1 1 0.5 0.5 0.5 0.5 0.5
0 0 1 2 0.5 0.5 0.5 0.5 0.5
0 0 1 3 0.5 0.5 0.5 0.5 0.5
0 0 1 4 0.5 0.5 0.5 0.5 0.5
0 0 2 0 0.5 0.5 0.5 0.5 0.5
0 0 2 1 0.5 0.5 0.5 0.5 0.5
0 0 2 2 0.5 0.5 0.5 0.5 0.5
0 0 2 3 0.5 0.5 0.5 0.5 0.5
0 0 2 4 0.5 0.5 0.5 0.5 0.5
0 0 3 0 0.5 0.5 0.5 0.5 0.5
0 0 3 1 0.5 0.5 0.5 0.5 0.5
0 0 3 2 0.5 0.5 0.5 0.5 0.5
0 0 3 3 0.5 0.5 0.5 0.5 0.5
0 0 3 4 0.5 0.5 0.5 0.5 0.5
0 0 4 0 0.5 0.5 0.5 0.5 0.5
0 0 4 1 0.5 0.5 0.5 0.5 0.5
0 0 4 2 0.5 0.5 0.5 0.5 0.5
0 0 4 3 0.5 0.5 0.5 0.5 0.5
0 0 4 4 0.5 0.5 0.5 0.5 0.5
0 1 0 0 0.5 0.5 0.5 0.5 0.5
0 1 0 1 0.5 0.5 0.5 2.9103830456733704E-11 0.5
0 1 0 2 0.5 0.5 0.5 1.9721522630525295E-31 0.5
0 1 0 3 0.5 0.5 0.5 1.0195788231247695E-56 0.5
0 1 0 4 0.5 0.5 0.5 0.999755859375 0.5
0 1 1 0 0.5 0.5 2.220446049250313E-16 0.5 0.5
0 1 1 1 0.5 0.5 2.0194839173657902E-28 1.0097419586828951E-28 0.5
0 1 1 2 0.5 0.5 6.372367644529809E-58 6.372367644529809E-58 0.5
0 1 1 3 0.5 0.5 1.862645149230957E-9 9.313225746154785E-10 0.5
0 1 1 4 0.5 0.5 1.4551915228366852E-11 1.4551915228366852E-11 0.5
0 1 2 0 0.5 0.5 5.739718509874451E-42 0.5 0.5
0 1 2 1 0.5 0.5 1.1641532182693481E-10 2.3283064365386963E-10 0.5
0 1 2 2 0.5 0.5 1.4149498560666738E-73 7.074749280333369E-74 0.5
0 1 2 3 0.5 0.5 5.421010862427522E-20 2.710505431213761E-20 0.5
0 1 2 4 0.5 0.5 1.4901161193847656E-8 1.4901161193847656E-8 0.5
0 1 3 0 0.5 0.5 1.4693679385278594E-39 0.5 0.5
0 1 3 1 0.5 0.5 1.4901161193847656E-8 3.725290298461914E-9 0.5
0 1 3 2 0.5 0.5 1.734723475976807E-18 4.3368086899420177E-19 0.5
0 1 3 3 0.5 0.5 4.3368086899420177E-19 4.3368086899420177E-19 0.5
0 1 3 4 0.5 0.5 4.1359030627651384E-25 4.1359030627651384E-25 0.5
0 1 4 0 0.5 0.5 0.999755859375 0.5 0.5
0 1 4 1 0.5 0.5 1.4210854715202004E-14 7.105427357601002E-15 0.5
0 1 4 2 0.5 0.5 5.6843418860808015E-14 5.6843418860808015E-14 0.5
0 1 4 3 0.5 0.5 1.6155871338926322E-27 1.6155871338926322E-27 0.5
0 1 4 4 0.5 0.5 5.169878828456423E-26 2.0679515313825692E-25 0.5
0 2 0 0 0.5 0.5 0.5 0.5 0.5
0 2 0 1 0.5 0.5 0.5 5.293955920339377E-23 2.6469779601696886E-23
0 2 0 2 0.5 0.5 0.5 4.6566128730773926E-10 4.6566128730773926E-10
0 2 0 3 0.5 0.5 0.5 0.99993896484375 0.5
0 2 0 4 0.5 0.5 0.5 5.6843418860808015E-14 5.6843418860808015E-14
0 2 1 0 0.5 0.5 3.552713678800501E-15 0.5 1.7763568394002505E-15
0 2 1 1 0.5 0.5 3.637978807091713E-12 7.275957614183426E-12 1.4551915228366852E-11
0 2 1 2 0.5 0.5 5.0487097934144756E-29 2.5243548967072378E-29 5.0487097934144756E-29
0 2 1 3 0.5 0.5 1.3552527156068805E-20 6.776263578034403E-21 2.710505431213761E-20
0 2 1 4 0.5 0.5 9.094947017729282E-13 9.094947017729282E-13 4.547473508864641E-13
0 2 2 0 0.5 0.5 1.0339757656912846E-25 0.5 5.169878828456423E-26
0 2 2 1 0.5 0.5 1.0587911840678754E-22 1.0587911840678754E-22 1.0587911840678754E-22
0 2 2 2 0.5 0.5 3.3087224502121107E-24 1.6543612251060553E-24 3.3087224502121107E-24
0 2 2 3 0.5 0.5 4.3368086899420177E-19 1.734723475976807E-18 4.3368086899420177E-19
0 2 2 4 0.5 0.5 2.9103830456733704E-11 7.275957614183426E-12 1.4551915228366852E-11
0 2 3 0 0.5 0.5 0.96875 0.5 0.9921875
0 2 3 1 0.5 0.5 9.094947017729282E-13 1.8189894035458565E-12 9.094947017729282E-13
0 2 3 2 0.5 0.5 1.0097419586828951E-28 1.0097419586828951E-28 2.0194839173657902E-28
0 2 3 3 0.5 0.5 1.5777218104420236E-30 1.9721522630525295E-31 7.888609052210118E-31
0 2 3 4 0.5 0.5 0.00390625 4.8828125E-4 4.8828125E-4
0 2 4 0 0.5 0.5 1.0842021724855044E-19 0.5 5.421010862427522E-20
0 2 4 1 0.5 0.5 3.76158192263132E-37 1.88079096131566E-37 7.52316384526264E-37
0 2 4 2 0.5 0.5 5.6843418860808015E-14 5.6843418860808015E-14 1.1368683772161603E-13
0 2 4 3 0.5 0.5 2.220446049250313E-16 1.1102230246251565E-16 8.881784197001252E-16
0 2 4 4 0.5 0.5 2.220446049250313E-16 2.220446049250313E-16 4.440892098500626E-16
0 3 0 0 0.5 0.5 0.5 0.5 0.5
0 3 0 1 0.5 0.5 0.5 5.169878828456423E-26 1.0339757656912846E-25
0 3 0 2 0.5 0.5 0.5 0.9999961853027344 0.0625
0 3 0 3 0.5 0.5 0.5 0.9990234375 0.25
0 3 0 4 0.5 0.5 0.5 7.62939453125E-6 7.62939453125E-6
0 3 1 0 0.5 0.5 1.2037062152420224E-35 0.5 6.018531076210112E-36
0 3 1 1 0.5 0.5 5.739718509874451E-42 1.1479437019748901E-41 1.1479437019748901E-41
0 3 1 2 0.5 0.5 0.015625 0.9999999999854481 0.015625
0 3 1 3 0.5 0.5 2.3283064365386963E-10 2.3283064365386963E-10 1.1641532182693481E-10
0 3 1 4 0.5 0.5 2.3283064365386963E-10 4.6566128730773926E-10 1.1641532182693481E-10
0 3 2 0 0.5 0.5 0.9999980926513672 0.5 0.0625
0 3 2 1 0.5 0.5 0.9999990463256836 0.0625 0.125
0 3 2 2 0.5 0.5 1.4349296274686127E-42 2.8698592549372254E-42 2.8698592549372254E-42
0 3 2 3 0.5 0.5 4.0389678347315804E-28 8.077935669463161E-28 2.0194839173657902E-28
0 3 2 4 0.5 0.5 6.103515625E-5 3.0517578125E-5 6.103515625E-5
0 3 3 0 0.5 0.5 0.9990234375 0.5 0.125
0 3 3 1 0.5 0.5 1.1920928955078125E-7 2.384185791015625E-7 1.1920928955078125E-7
0 3 3 2 0.5 0.5 3.3881317890172014E-21 8.470329472543003E-22 6.776263578034403E-21
0 3 3 3 0.5 0.5 1.9073486328125E-6 3.814697265625E-6 1.9073486328125E-6
0 3 3 4 0.5 0.5 2.384185791015625E-7 5.9604644775390625E-8 1.1920928955078125E-7
0 3 4 0 0.5 0.5 1.9073486328125E-6 0.5 1.9073486328125E-6
0 3 4 1 0.5 0.5 2.9103830456733704E-11 2.9103830456733704E-11 1.4551915228366852E-11
0 3 4 2 0.5 0.5 1.4901161193847656E-8 2.9802322387695312E-8 2.9802322387695312E-8
0 3 4 3 0.5 0.5 9.5367431640625E-7 9.5367431640625E-7 3.814697265625E-6
0 3 4 4 0.5 0.5 1.52587890625E-5 3.0517578125E-5 3.0517578125E-5
0 4 0 0 0.5 0.5 0.5 0.5 0.5
0 4 0 1 0.5 0.5 0.5 0.9999999999999432 0.03125
0 4 0 2 0.5 0.5 0.5 3.637978807091713E-12 9.094947017729282E-13
0 4 0 3 0.5 0.5 0.5 9.313225746154785E-10 4.6566128730773926E-10
0 4 0 4 0.5 0.5 0.5 4.8828125E-4 2.44140625E-4
0 4 1 0 0.5 0.5 1.0 0.5 0.125
0 4 1 1 0.5 0.5 3.3881317890172014E-21 1.6940658945086007E-21 3.3881317890172014E-21
0 4 1 2 0.5 0.5 3.3087224502121107E-24 3.3087224502121107E-24 6.6174449004242214E-24
0 4 1 3 0.5 0.5 9.313225746154785E-10 9.313225746154785E-10 1.862645149230957E-9
0 4 1 4 0.5 0.5 2.384185791015625E-7 5.9604644775390625E-8 1.1920928955078125E-7
0 4 2 0 0.5 0.5 2.220446049250313E-16 0.5 8.881784197001252E-16
0 4 2 1 0.5 0.5 1.4210854715202004E-14 2.8421709430404007E-14 3.552713678800501E-15
0 4 2 2 0.5 0.5 2.2737367544323206E-13 9.094947017729282E-13 4.547473508864641E-13
0 4 2 3 0.5 0.5 1.6940658945086007E-21 3.3881317890172014E-21 3.3881317890172014E-21
0 4 2 4 0.5 0.5 2.44140625E-4 2.44140625E-4 6.103515625E-5
0 4 3 0 0.5 0.5 4.547473508864641E-13 0.5 2.2737367544323206E-13
0 4 3 1 0.5 0.5 9.5367431640625E-7 4.76837158203125E-7 2.384185791015625E-7
0 4 3 2 0.5 0.5 4.2351647362715017E-22 1.6940658945086007E-21 2.1175823681357508E-22
0 4 3 3 0.5 0.5 4.440892098500626E-16 1.7763568394002505E-15 1.7763568394002505E-15
0 4 3 4 0.5 0.5 4.76837158203125E-7 1.1920928955078125E-7 5.9604644775390625E-8
0 4 4 0 0.5 0.5 0.00390625 0.5 0.00390625
0 4 4 1 0.5 0.5 4.76837158203125E-7 9.5367431640625E-7 4.76837158203125E-7
0 4 4 2 0.5 0.5 1.4901161193847656E-8 5.9604644775390625E-8 1.1920928955078125E-7
0 4 4 3 0.5 0.5 7.450580596923828E-9 1.862645149230957E-9 1.4901161193847656E-8
0 4 4 4 0.5 0.5 0.03125 0.03125 0.03125
1 0 0 0 0.5 0.5 0.5 0.5 0.5
1 0 0 1 0.5 7.105427357601002E-15 0.5 0.5 0.5
1 0 0 2 0.5 3.8518598887744717E-34 0.5 0.5 0.5
1 0 0 3 0.5 5.0978941156238473E-57 0.5 0.5 0.5
1 0 0 4 0.5 0.99993896484375 0.5 0.5 0.5
1 0 1 0 8.881784197001252E-16 0.5 0.5 0.5 0.5
1 0 1 1 9.4039548065783E-38 1.88079096131566E-37 0.5 0.5 0.5
1 0 1 2 3.2311742677852644E-27 6.462348535570529E-27 0.5 0.5 0.5
1 0 1 3 2.220446049250313E-16 4.440892098500626E-16 0.5 0.5 0.5
1 0 1 4 5.6843418860808015E-14 2.8421709430404007E-14 0.5 0.5 0.5
1 0 2 0 7.105427357601002E-15 0.5 0.5 0.5 0.5
1 0 2 1 6.776263578034403E-21 3.3881317890172014E-21 0.5 0.5 0.5
1 0 2 2 1.349401336733507E-79 1.0795210693868056E-78 0.5 0.5 0.5
1 0 2 3 1.5862136483222808E-117 1.5862136483222808E-117 0.5 0.5 0.5
1 0 2 4 1.1102230246251565E-16 2.7755575615628914E-17 0.5 0.5 0.5
1 0 3 0 9.055679078826712E-72 0.5 0.5 0.5 0.5
1 0 3 1 2.802596928649634E-45 1.401298464324817E-45 0.5 0.5 0.5
1 0 3 2 1.88079096131566E-37 9.4039548065783E-38 0.5 0.5 0.5
1 0 3 3 2.7369110631344083E-48 2.7369110631344083E-48 0.5 0.5 0.5
1 0 3 4 2.6469779601696886E-23 1.3234889800848443E-23 0.5 0.5 0.5
1 0 4 0 0.9998779296875 0.5 0.5 0.5 0.5
1 0 4 1 1.1102230246251565E-16 2.220446049250313E-16 0.5 0.5 0.5
1 0 4 2 8.673617379884035E-19 8.673617379884035E-19 0.5 0.5 0.5
1 0 4 3 1.5777218104420236E-30 1.5777218104420236E-30 0.5 0.5 0.5
1 0 4 4 2.1684043449710089E-19 4.3368086899420177E-19 0.5 0.5 0.5
1 1 0 0 0.5 0.5 0.5 0.5 0.5
1 1 0 1 0.5 0.5 0.5 0.5 0.5
1 1 0 2 0.5 7.62939453125E-6 0.5 6.103515625E-5 0.5
1 1 0 3 0.5 4.76837158203125E-7 0.5 5.9604644775390625E-8 0.5
1 1 0 4 0.5 0.99609375 0.5 0.75 0.5
1 1 1 0 0.5 0.5 0.5 0.5 0.5
1 1 1 1 1.0 2.44140625E-4 1.220703125E-4 4.8828125E-4 0.5
1 1 1 2 4.547473508864641E-13 1.8189894035458565E-12 7.275957614183426E-12 9.094947017729282E-13 0.5
1 1 1 3 0.125 0.125 0.75 0.125 0.5
1 1 1 4 1.52587890625E-5 1.52587890625E-5 1.52587890625E-5 6.103515625E-5 0.5
1 1 2 0 0.5 0.5 0.75 0.5 0.5
1 1 2 1 4.76837158203125E-7 4.76837158203125E-7 4.76837158203125E-7 2.384185791015625E-7 0.5
1 1 2 2 1.4693679385278594E-39 1.1754943508222875E-38 7.346839692639297E-40 1.4693679385278594E-39 0.5
1 1 2 3 7.275957614183426E-12 3.637978807091713E-12 1.8189894035458565E-12 3.637978807091713E-12 0.5
1 1 2 4 3.814697265625E-6 1.9073486328125E-6 1.9073486328125E-6 1.9073486328125E-6 0.5
1 1 3 0 7.62939453125E-6 0.5 3.0517578125E-5 0.5 0.5
1 1 3 1 0.5 0.25 0.5 0.75 0.5
1 1 3 2 1.1368683772161603E-13 4.547473508864641E-13 4.547473508864641E-13 4.547473508864641E-13 0.5
1 1 3 3 2.2737367544323206E-13 4.547473508864641E-13 1.1368683772161603E-13 2.2737367544323206E-13 0.5
1 1 3 4 1.4901161193847656E-8 2.9802322387695312E-8 2.9802322387695312E-8 2.9802322387695312E-8 0.5
1 1 4 0 0.984375 0.5 0.9990234375 0.5 0.5
1 1 4 1 3.469446951953614E-18 6.938893903907228E-18 6.938893903907228E-18 1.3877787807814457E-17 0.5
1 1 4 2 7.62939453125E-6 3.814697265625E-6 3.814697265625E-6 7.62939453125E-6 0.5
1 1 4 3 2.384185791015625E-7 2.384185791015625E-7 4.76837158203125E-7 9.5367431640625E-7 0.5
1 1 4 4 7.62939453125E-6 7.62939453125E-6 3.814697265625E-6 3.814697265625E-6 0.5
1 2 0 0 0.5 0.5 0.5 0.5 0.5
1 2 0 1 0.5 8.881784197001252E-16 0.5 3.552713678800501E-15 0.5
1 2 0 2 0.5 3.725290298461914E-9 0.5 7.450580596923828E-9 0.5
1 2 0 3 0.5 0.25 0.5 0.99993896484375 0.5
1 2 0 4 0.5 0.99951171875 0.5 0.125 0.5
1 2 1 0 1.4551915228366852E-11 0.5 1.8189894035458565E-12 0.5 0.5
1 2 1 1 4.440892098500626E-16 8.881784197001252E-16 8.881784197001252E-16 4.440892098500626E-16 0.5
1 2 1 2 4.3368086899420177E-19 8.673617379884035E-19 8.673617379884035E-19 4.3368086899420177E-19 0.5
1 2 1 3 1.862645149230957E-9 1.862645149230957E-9 9.313225746154785E-10 3.725290298461914E-9 0.5
1 2 1 4 4.6566128730773926E-10 4.6566128730773926E-10 9.313225746154785E-10 4.6566128730773926E-10 0.5
1 2 2 0 5.9604644775390625E-8 0.5 1.1920928955078125E-7 0.5 0.5
1 2 2 1 4.0E-323 7.9E-323 4.0E-323 2.0E-323 0.5
1 2 2 2 1.4693679385278594E-39 3.6734198463196485E-40 1.8367099231598242E-40 2.9387358770557188E-39 0.5
1 2 2 3 5.293955920339377E-23 1.3234889800848443E-23 2.6469779601696886E-23 6.6174449004242214E-24 0.5
1 2 2 4 9.765625E-4 4.8828125E-4 2.44140625E-4 2.44140625E-4 0.5
1 2 3 0 0.5 0.5 0.999969482421875 0.5 0.5
1 2 3 1 7.62939453125E-6 1.52587890625E-5 3.814697265625E-6 7.62939453125E-6 0.5
1 2 3 2 0.001953125 9.765625E-4 0.001953125 0.001953125 0.5
1 2 3 3 5.6843418860808015E-14 2.8421709430404007E-14 5.6843418860808015E-14 1.1368683772161603E-13 0.5
1 2 3 4 5.820766091346741E-11 2.3283064365386963E-10 1.862645149230957E-9 5.820766091346741E-11 0.5
1 2 4 0 0.99993896484375 0.5 0.125 0.5 0.5
1 2 4 1 7.62939453125E-6 3.814697265625E-6 1.9073486328125E-6 7.62939453125E-6 0.5
1 2 4 2 9.5367431640625E-7 9.5367431640625E-7 1.9073486328125E-6 1.9073486328125E-6 0.5
1 2 4 3 4.547473508864641E-13 1.8189894035458565E-12 9.094947017729282E-13 1.8189894035458565E-12 0.5
1 2 4 4 1.1920928955078125E-7 1.1920928955078125E-7 5.9604644775390625E-8 2.384185791015625E-7 0.5
1 3 0 0 0.5 0.5 0.5 0.5 0.5
1 3 0 1 0.5 0.5 0.5 0.875 0.998046875
1 3 0 2 0.5 0.75 0.5 0.9990234375 0.5
1 3 0 3 0.5 6.103515625E-5 0.5 3.0517578125E-5 1.220703125E-4
1 3 0 4 0.5 0.99609375 0.5 0.75 0.25
1 3 1 0 0.00390625 0.5 0.0078125 0.5 0.001953125
1 3 1 1 1.4210854715202004E-14 3.552713678800501E-15 3.552713678800501E-15 3.552713678800501E-15 4.440892098500626E-16
1 3 1 2 9.765625E-4 9.765625E-4 1.220703125E-4 4.8828125E-4 2.44140625E-4
1 3 1 3 1.220703125E-4 1.220703125E-4 6.103515625E-5 3.0517578125E-5 1.220703125E-4
1 3 1 4 1.9073486328125E-6 9.5367431640625E-7 3.814697265625E-6 3.814697265625E-6 9.5367431640625E-7
1 3 2 0 0.125 0.5 0.9998779296875 0.5 0.125
1 3 2 1 0.999755859375 0.0625 0.999969482421875 0.125 0.25
1 3 2 2 5.6843418860808015E-14 5.6843418860808015E-14 2.8421709430404007E-14 5.6843418860808015E-14 5.6843418860808015E-14
1 3 2 3 1.1641532182693481E-10 2.3283064365386963E-10 1.1641532182693481E-10 2.3283064365386963E-10 2.3283064365386963E-10
1 3 2 4 1.220703125E-4 1.220703125E-4 1.52587890625E-5 6.103515625E-5 3.0517578125E-5
1 3 3 0 0.25 0.5 0.25 0.5 0.25
1 3 3 1 7.275957614183426E-12 7.275957614183426E-12 1.8189894035458565E-12 3.637978807091713E-12 3.637978807091713E-12
1 3 3 2 9.313225746154785E-10 1.862645149230957E-9 3.725290298461914E-9 1.862645149230957E-9 3.725290298461914E-9
1 3 3 3 0.001953125 3.0517578125E-5 2.44140625E-4 4.8828125E-4 2.44140625E-4
1 3 3 4 0.03125 0.125 0.0625 0.015625 0.03125
1 3 4 0 0.9921875 0.5 0.984375 0.5 0.5
1 3 4 1 1.3877787807814457E-17 1.3877787807814457E-17 2.7755575615628914E-17 2.7755575615628914E-17 2.7755575615628914E-17
1 3 4 2 9.5367431640625E-7 2.384185791015625E-7 9.5367431640625E-7 1.9073486328125E-6 4.76837158203125E-7
1 3 4 3 0.00390625 0.0078125 0.00390625 0.0078125 0.00390625
1 3 4 4 1.220703125E-4 6.103515625E-5 1.220703125E-4 6.103515625E-5 1.220703125E-4
1 4 0 0 0.5 0.5 0.5 0.5 0.5
1 4 0 1 0.5 0.9375 0.5 0.99609375 0.5
1 4 0 2 0.5 4.8828125E-4 0.5 2.44140625E-4 1.220703125E-4
1 4 0 3 0.5 2.3283064365386963E-10 0.5 1.862645149230957E-9 4.6566128730773926E-10
1 4 0 4 0.5 0.984375 0.5 0.5 0.5
1 4 1 0 0.9921875 0.5 0.96875 0.5 0.75
1 4 1 1 9.5367431640625E-7 2.384185791015625E-7 2.384185791015625E-7 9.5367431640625E-7 4.76837158203125E-7
1 4 1 2 9.5367431640625E-7 2.384185791015625E-7 1.1920928955078125E-7 1.1920928955078125E-7 1.1920928955078125E-7
1 4 1 3 0.0078125 0.00390625 0.00390625 0.0078125 0.00390625
1 4 1 4 0.03125 0.125 0.03125 0.03125 0.015625
1 4 2 0 5.9604644775390625E-8 0.5 2.9802322387695312E-8 0.5 2.9802322387695312E-8
1 4 2 1 4.76837158203125E-7 4.76837158203125E-7 9.5367431640625E-7 9.5367431640625E-7 2.384185791015625E-7
1 4 2 2 5.345529420184391E-51 5.345529420184391E-51 5.345529420184391E-51 2.6727647100921956E-51 1.3363823550460978E-51
1 4 2 3 1.1641532182693481E-10 2.3283064365386963E-10 1.1641532182693481E-10 2.3283064365386963E-10 2.3283064365386963E-10
1 4 2 4 6.103515625E-5 1.220703125E-4 6.103515625E-5 6.103515625E-5 6.103515625E-5
1 4 3 0 0.0625 0.5 0.03125 0.5 0.03125
1 4 3 1 1.220703125E-4 3.0517578125E-5 2.44140625E-4 6.103515625E-5 1.220703125E-4
1 4 3 2 2.2737367544323206E-13 9.094947017729282E-13 2.2737367544323206E-13 4.547473508864641E-13 4.547473508864641E-13
1 4 3 3 4.547473508864641E-13 2.2737367544323206E-13 1.1368683772161603E-13 2.2737367544323206E-13 2.2737367544323206E-13
1 4 3 4 0.03125 0.015625 0.03125 0.015625 0.015625
1 4 4 0 0.96875 0.5 0.75 0.5 0.75
1 4 4 1 9.765625E-4 0.001953125 4.8828125E-4 9.765625E-4 0.001953125
1 4 4 2 1.220703125E-4 6.103515625E-5 1.220703125E-4 2.44140625E-4 3.0517578125E-5
1 4 4 3 3.0517578125E-5 6.103515625E-5 6.103515625E-5 3.0517578125E-5 6.103515625E-5
1 4 4 4 0.125 0.25 0.25 0.015625 0.125
2 0 0 0 0.5 0.5 0.5 0.5 0.5
2 0 0 1 0.5 3.469446951953614E-18 0.5 0.5 8.673617379884035E-19
2 0 0 2 0.5 9.094947017729282E-13 0.5 0.5 4.547473508864641E-13
2 0 0 3 0.5 0.9998779296875 0.5 0.5 0.875
2 0 0 4 0.5 9.094947017729282E-13 0.5 0.5 1.8189894035458565E-12
2 0 1 0 3.469446951953614E-18 0.5 0.5 0.5 1.3877787807814457E-17
2 0 1 1 1.3877787807814457E-17 6.938893903907228E-18 0.5 0.5 5.551115123125783E-17
2 0 1 2 1.504632769052528E-36 7.52316384526264E-37 0.5 0.5 7.52316384526264E-37
2 0 1 3 2.2737367544323206E-13 2.2737367544323206E-13 0.5 0.5 2.2737367544323206E-13
2 0 1 4 7.450580596923828E-9 7.450580596923828E-9 0.5 0.5 7.450580596923828E-9
2 0 2 0 9.313225746154785E-10 0.5 0.5 0.5 9.313225746154785E-10
2 0 2 1 1.6940658945086007E-21 6.776263578034403E-21 0.5 0.5 3.3881317890172014E-21
2 0 2 2 1.2037062152420224E-35 1.2037062152420224E-35 0.5 0.5 1.2037062152420224E-35
2 0 2 3 6.6174449004242214E-24 3.3087224502121107E-24 0.5 0.5 3.3087224502121107E-24
2 0 2 4 9.5367431640625E-7 4.76837158203125E-7 0.5 0.5 2.384185791015625E-7
2 0 3 0 0.9998779296875 0.5 0.5 0.5 0.125
2 0 3 1 5.421010862427522E-20 2.710505431213761E-20 0.5 0.5 5.421010862427522E-20
2 0 3 2 6.162975822039155E-33 6.162975822039155E-33 0.5 0.5 1.5407439555097887E-33
2 0 3 3 7.1746481373430634E-43 7.1746481373430634E-43 0.5 0.5 3.5873240686715317E-43
2 0 3 4 1.1920928955078125E-7 4.76837158203125E-7 0.5 0.5 2.384185791015625E-7
2 0 4 0 0.25 0.5 0.5 0.5 0.125
2 0 4 1 3.637978807091713E-12 1.8189894035458565E-12 0.5 0.5 3.637978807091713E-12
2 0 4 2 9.5367431640625E-7 9.5367431640625E-7 0.5 0.5 1.9073486328125E-6
2 0 4 3 1.1368683772161603E-13 4.547473508864641E-13 0.5 0.5 2.2737367544323206E-13
2 0 4 4 2.3283064365386963E-10 2.3283064365386963E-10 0.5 0.5 2.3283064365386963E-10
2 1 0 0 0.5 0.5 0.5 0.5 0.5
2 1 0 1 0.5 6.6174449004242214E-24 0.5 2.6469779601696886E-23 0.5
2 1 0 2 0.5 7.450580596923828E-9 0.5 7.450580596923828E-9 0.5
2 1 0 3 0.5 0.999755859375 0.5 0.75 0.5
2 1 0 4 0.5 0.125 0.5 0.998046875 0.5
2 1 1 0 4.6566128730773926E-10 0.5 1.862645149230957E-9 0.5 0.5
2 1 1 1 2.2737367544323206E-13 5.6843418860808015E-14 1.1368683772161603E-13 2.8421709430404007E-14 0.5
2 1 1 2 3.469446951953614E-18 6.938893903907228E-18 6.938893903907228E-18 3.469446951953614E-18 0.5
2 1 1 3 7.450580596923828E-9 5.9604644775390625E-8 2.9802322387695312E-8 1.4901161193847656E-8 0.5
2 1 1 4 3.637978807091713E-12 9.094947017729282E-13 3.637978807091713E-12 7.275957614183426E-12 0.5
2 1 2 0 1.52587890625E-5 0.5 6.103515625E-5 0.5 0.5
2 1 2 1 0.00390625 0.015625 0.875 0.9999999925494194 0.5
2 1 2 2 3.552713678800501E-15 1.7763568394002505E-15 3.552713678800501E-15 3.552713678800501E-15 0.5
2 1 2 3 9.5367431640625E-7 9.5367431640625E-7 7.62939453125E-6 1.9073486328125E-6 0.5
2 1 2 4 2.44140625E-4 2.44140625E-4 2.44140625E-4 2.44140625E-4 0.5
2 1 3 0 0.9921875 0.5 0.96875 0.5 0.5
2 1 3 1 4.76837158203125E-7 9.5367431640625E-7 4.76837158203125E-7 4.76837158203125E-7 0.5
2 1 3 2 2.9802322387695312E-8 7.450580596923828E-9 1.4901161193847656E-8 7.450580596923828E-9 0.5
2 1 3 3 7.275957614183426E-12 1.4551915228366852E-11 3.637978807091713E-12 1.4551915228366852E-11 0.5
2 1 3 4 1.1920928955078125E-7 1.1920928955078125E-7 1.1920928955078125E-7 5.9604644775390625E-8 0.5
2 1 4 0 0.25 0.5 0.99951171875 0.5 0.5
2 1 4 1 1.220703125E-4 6.103515625E-5 2.44140625E-4 1.220703125E-4 0.5
2 1 4 2 1.9073486328125E-6 3.814697265625E-6 7.62939453125E-6 1.52587890625E-5 0.5
2 1 4 3 5.820766091346741E-11 5.820766091346741E-11 5.820766091346741E-11 2.3283064365386963E-10 0.5
2 1 4 4 4.76837158203125E-7 9.5367431640625E-7 9.5367431640625E-7 9.5367431640625E-7 0.5
2 2 0 0 0.5 0.5 0.5 0.5 0.5
2 2 0 1 0.5 1.504632769052528E-36 0.5 6.018531076210112E-36 0.5
2 2 0 2 0.5 0.5 0.5 0.5 0.5
2 2 0 3 0.5 0.96875 0.5 0.9375 0.5
2 2 0 4 0.5 3.944304526105059E-31 0.5 7.888609052210118E-31 0.5
2 2 1 0 1.88079096131566E-37 0.5 4.70197740328915E-38 0.5 0.5
2 2 1 1 1.0339757656912846E-25 2.0679515313825692E-25 2.0679515313825692E-25 1.0339757656912846E-25 0.5
2 2 1 2 1.448908652612274E-70 1.448908652612274E-70 7.24454326306137E-71 1.448908652612274E-70 0.5
2 2 1 3 7.62939453125E-6 3.0517578125E-5 6.103515625E-5 3.0517578125E-5 0.5
2 2 1 4 4.6566128730773926E-10 9.313225746154785E-10 4.6566128730773926E-10 4.6566128730773926E-10 0.5
2 2 2 0 0.5 0.5 0.5 0.5 0.5
2 2 2 1 6.103515625E-5 1.52587890625E-5 3.0517578125E-5 3.0517578125E-5 0.5
2 2 2 2 2.1684043449710089E-19 2.1684043449710089E-19 1.0842021724855044E-19 2.1684043449710089E-19 0.5
2 2 2 3 1.7763568394002505E-15 4.440892098500626E-16 1.7763568394002505E-15 1.7763568394002505E-15 0.5
2 2 2 4 1.52587890625E-5 7.62939453125E-6 7.62939453125E-6 1.52587890625E-5 0.5
2 2 3 0 0.75 0.5 0.998046875 0.5 0.5
2 2 3 1 1.6940658945086007E-21 8.470329472543003E-22 1.6940658945086007E-21 4.2351647362715017E-22 0.5
2 2 3 2 0.015625 0.015625 0.015625 0.015625 0.5
2 2 3 3 4.6566128730773926E-10 9.313225746154785E-10 4.6566128730773926E-10 2.3283064365386963E-10 0.5
2 2 3 4 4.8828125E-4 2.44140625E-4 2.44140625E-4 2.44140625E-4 0.5
2 2 4 0 3.469446951953614E-18 0.5 2.7755575615628914E-17 0.5 0.5
2 2 4 1 2.0679515313825692E-25 2.0679515313825692E-25 1.0339757656912846E-25 2.0679515313825692E-25 0.5
2 2 4 2 1.1920928955078125E-7 1.1920928955078125E-7 1.1920928955078125E-7 1.1920928955078125E-7 0.5
2 2 4 3 4.76837158203125E-7 4.76837158203125E-7 9.5367431640625E-7 2.384185791015625E-7 0.5
2 2 4 4 1.4901161193847656E-8 7.450580596923828E-9 1.4901161193847656E-8 2.9802322387695312E-8 0.5
2 3 0 0 0.5 0.5 0.5 0.5 0.5
2 3 0 1 0.5 1.2154326714572542E-63 0.5 2.4308653429145085E-63 0.5
2 3 0 2 0.5 0.75 0.5 0.96875 0.5
2 3 0 3 0.5 0.9375 0.5 0.75 0.5
2 3 0 4 0.5 0.99951171875 0.5 0.9921875 0.5
2 3 1 0 1.220703125E-4 0.5 6.103515625E-5 0.5 0.5
2 3 1 1 1.2924697071141057E-26 5.169878828456423E-26 1.2924697071141057E-26 2.5849394142282115E-26 0.5
2 3 1 2 6.162975822039155E-33 1.232595164407831E-32 6.162975822039155E-33 1.232595164407831E-32 0.5
2 3 1 3 0.03125 0.125 0.25 0.25 0.5
2 3 1 4 1.3877787807814457E-17 1.3877787807814457E-17 2.7755575615628914E-17 2.7755575615628914E-17 0.5
2 3 2 0 0.5 0.5 0.9375 0.5 0.5
2 3 2 1 1.9073486328125E-6 3.814697265625E-6 3.814697265625E-6 4.76837158203125E-7 0.5
2 3 2 2 1.4551915228366852E-11 2.9103830456733704E-11 2.9103830456733704E-11 5.820766091346741E-11 0.5
2 3 2 3 1.9073486328125E-6 1.9073486328125E-6 1.9073486328125E-6 4.76837158203125E-7 0.5
2 3 2 4 0.0078125 0.0078125 0.0078125 0.00390625 0.5
2 3 3 0 0.984375 0.5 0.125 0.5 0.5
2 3 3 1 4.8828125E-4 9.765625E-4 9.765625E-4 2.44140625E-4 0.5
2 3 3 2 9.765625E-4 9.765625E-4 9.765625E-4 4.8828125E-4 0.5
2 3 3 3 6.103515625E-5 6.103515625E-5 6.103515625E-5 3.0517578125E-5 0.5
2 3 3 4 0.001953125 9.765625E-4 9.765625E-4 9.765625E-4 0.5
2 3 4 0 0.0625 0.5 0.03125 0.5 0.5
2 3 4 1 7.275957614183426E-12 1.8189894035458565E-12 7.275957614183426E-12 3.637978807091713E-12 0.5
2 3 4 2 9.765625E-4 2.44140625E-4 1.220703125E-4 1.220703125E-4 0.5
2 3 4 3 0.03125 0.03125 0.015625 0.015625 0.5
2 3 4 4 3.0517578125E-5 3.0517578125E-5 3.0517578125E-5 7.62939453125E-6 0.5
2 4 0 0 0.5 0.5 0.5 0.5 0.5
2 4 0 1 0.5 0.125 0.5 0.9999995231628418 0.9921875
2 4 0 2 0.5 1.9073486328125E-6 0.5 7.62939453125E-6 3.814697265625E-6
2 4 0 3 0.5 0.999755859375 0.5 0.125 0.125
2 4 0 4 0.5 0.9375 0.5 0.5 0.5
2 4 1 0 0.9921875 0.5 0.99951171875 0.5 0.9990234375
2 4 1 1 1.1641532182693481E-10 4.6566128730773926E-10 4.6566128730773926E-10 2.3283064365386963E-10 4.6566128730773926E-10
2 4 1 2 1.8189894035458565E-12 1.8189894035458565E-12 1.8189894035458565E-12 3.637978807091713E-12 4.547473508864641E-13
2 4 1 3 2.44140625E-4 2.44140625E-4 1.220703125E-4 6.103515625E-5 6.103515625E-5
2 4 1 4 1.220703125E-4 1.220703125E-4 1.220703125E-4 2.44140625E-4 2.44140625E-4
2 4 2 0 6.103515625E-5 0.5 1.220703125E-4 0.5 6.103515625E-5
2 4 2 1 3.725290298461914E-9 7.450580596923828E-9 7.450580596923828E-9 7.450580596923828E-9 3.725290298461914E-9
2 4 2 2 2.9802322387695312E-8 5.9604644775390625E-8 7.450580596923828E-9 7.450580596923828E-9 1.4901161193847656E-8
2 4 2 3 4.76837158203125E-7 4.76837158203125E-7 1.1920928955078125E-7 2.384185791015625E-7 2.384185791015625E-7
2 4 2 4 9.765625E-4 9.765625E-4 9.765625E-4 0.001953125 4.8828125E-4
2 4 3 0 0.999969482421875 0.5 0.0625 0.5 0.0625
2 4 3 1 1.52587890625E-5 3.0517578125E-5 2.44140625E-4 6.103515625E-5 6.103515625E-5
2 4 3 2 7.105427357601002E-15 2.8421709430404007E-14 1.4210854715202004E-14 1.4210854715202004E-14 2.8421709430404007E-14
2 4 3 3 9.765625E-4 4.8828125E-4 2.44140625E-4 4.8828125E-4 4.8828125E-4
2 4 3 4 0.00390625 0.0078125 0.03125 0.015625 0.015625
2 4 4 0 0.00390625 0.5 0.001953125 0.5 0.001953125
2 4 4 1 0.015625 0.0078125 0.0078125 0.0078125 0.00390625
2 4 4 2 2.44140625E-4 4.8828125E-4 2.44140625E-4 4.8828125E-4 2.44140625E-4
2 4 4 3 0.03125 0.015625 0.015625 0.0625 0.0078125
2 4 4 4 0.015625 0.0625 0.015625 0.03125 0.015625
3 0 0 0 0.5 0.5 0.5 0.5 0.5
3 0 0 1 0.5 1.0097419586828951E-28 0.5 0.5 1.2621774483536189E-29
3 0 0 2 0.5 0.9999923706054688 0.5 0.5 0.125
3 0 0 3 0.5 0.998046875 0.5 0.5 0.5
3 0 0 4 0.5 1.9073486328125E-6 0.5 0.5 1.9073486328125E-6
3 0 1 0 2.1684043449710089E-19 0.5 0.5 0.5 2.1684043449710089E-19
3 0 1 1 1.5777218104420236E-30 6.3108872417680944E-30 0.5 0.5 1.2621774483536189E-29
3 0 1 2 0.03125 0.9999999999854481 0.5 0.5 0.03125
3 0 1 3 4.6566128730773926E-10 9.313225746154785E-10 0.5 0.5 1.1641532182693481E-10
3 0 1 4 5.9604644775390625E-8 2.9802322387695312E-8 0.5 0.5 1.4901161193847656E-8
3 0 2 0 0.9999961853027344 0.5 0.5 0.5 0.0625
3 0 2 1 0.9999999925494194 0.015625 0.5 0.5 0.0625
3 0 2 2 7.346839692639297E-40 2.9387358770557188E-39 0.5 0.5 7.346839692639297E-40
3 0 2 3 8.077935669463161E-28 1.6155871338926322E-27 0.5 0.5 8.077935669463161E-28
3 0 2 4 1.1102230246251565E-16 1.1102230246251565E-16 0.5 0.5 2.220446049250313E-16
3 0 3 0 0.9921875 0.5 0.5 0.5 0.5
3 0 3 1 4.76837158203125E-7 4.76837158203125E-7 0.5 0.5 4.76837158203125E-7
3 0 3 2 1.2924697071141057E-26 6.462348535570529E-27 0.5 0.5 3.2311742677852644E-27
3 0 3 3 0.125 0.0625 0.5 0.5 0.0625
3 0 3 4 6.103515625E-5 3.0517578125E-5 0.5 0.5 1.52587890625E-5
3 0 4 0 1.1920928955078125E-7 0.5 0.5 0.5 2.384185791015625E-7
3 0 4 1 5.9604644775390625E-8 5.9604644775390625E-8 0.5 0.5 1.1920928955078125E-7
3 0 4 2 9.313225746154785E-10 9.313225746154785E-10 0.5 0.5 4.6566128730773926E-10
3 0 4 3 1.1920928955078125E-7 5.9604644775390625E-8 0.5 0.5 5.9604644775390625E-8
3 0 4 4 0.00390625 0.0078125 0.5 0.5 0.015625
3 1 0 0 0.5 0.5 0.5 0.5 0.5
3 1 0 1 0.5 0.00390625 0.5 0.00390625 0.00390625
3 1 0 2 0.5 0.9998779296875 0.5 0.25 0.25
3 1 0 3 0.5 1.52587890625E-5 0.5 1.52587890625E-5 3.0517578125E-5
3 1 0 4 0.5 0.0625 0.5 0.99951171875 0.125
3 1 1 0 2.44140625E-4 0.5 4.8828125E-4 0.5 4.8828125E-4
3 1 1 1 6.103515625E-5 6.103515625E-5 6.103515625E-5 1.220703125E-4 6.103515625E-5
3 1 1 2 0.0078125 0.015625 0.00390625 0.015625 0.0078125
3 1 1 3 0.015625 0.00390625 0.0078125 0.03125 0.015625
3 1 1 4 9.765625E-4 0.001953125 0.0078125 0.00390625 0.00390625
3 1 2 0 0.9998779296875 0.5 0.5 0.5 0.125
3 1 2 1 0.0625 0.0625 0.015625 0.0078125 0.015625
3 1 2 2 8.881784197001252E-16 2.220446049250313E-16 1.1102230246251565E-16 1.1102230246251565E-16 2.220446049250313E-16
3 1 2 3 9.313225746154785E-10 9.313225746154785E-10 9.313225746154785E-10 4.6566128730773926E-10 2.3283064365386963E-10
3 1 2 4 1.4901161193847656E-8 5.9604644775390625E-8 1.4901161193847656E-8 2.9802322387695312E-8 5.9604644775390625E-8
3 1 3 0 0.0625 0.5 0.0625 0.5 0.125
3 1 3 1 0.125 0.03125 0.125 0.03125 0.015625
3 1 3 2 1.862645149230957E-9 4.6566128730773926E-10 9.313225746154785E-10 4.6566128730773926E-10 9.313225746154785E-10
3 1 3 3 0.015625 0.0078125 0.0078125 0.03125 0.0078125
3 1 3 4 4.8828125E-4 4.8828125E-4 4.8828125E-4 4.8828125E-4 2.44140625E-4
3 1 4 0 0.125 0.5 0.998046875 0.5 0.25
3 1 4 1 0.00390625 0.00390625 0.0078125 0.015625 0.015625
3 1 4 2 1.1641532182693481E-10 2.3283064365386963E-10 1.1641532182693481E-10 2.9103830456733704E-11 2.9103830456733704E-11
3 1 4 3 6.103515625E-5 1.220703125E-4 1.220703125E-4 1.220703125E-4 1.220703125E-4
3 1 4 4 3.0517578125E-5 3.0517578125E-5 1.220703125E-4 3.0517578125E-5 1.220703125E-4
3 2 0 0 0.5 0.5 0.5 0.5 0.5
3 2 0 1 0.5 6.103515625E-5 0.5 1.52587890625E-5 0.5
3 2 0 2 0.5 0.984375 0.5 0.25 0.5
3 2 0 3 0.5 0.875 0.5 0.875 0.5
3 2 0 4 0.5 0.125 0.5 0.9999999997671694 0.5
3 2 1 0 9.860761315262648E-32 0.5 9.860761315262648E-32 0.5 0.5
3 2 1 1 1.88079096131566E-37 9.4039548065783E-38 1.88079096131566E-37 4.70197740328915E-38 0.5
3 2 1 2 1.9721522630525295E-31 3.944304526105059E-31 9.860761315262648E-32 1.9721522630525295E-31 0.5
3 2 1 3 2.44140625E-4 2.44140625E-4 1.220703125E-4 2.44140625E-4 0.5
3 2 1 4 3.552713678800501E-15 3.552713678800501E-15 3.552713678800501E-15 1.7763568394002505E-15 0.5
3 2 2 0 0.96875 0.5 0.5 0.5 0.5
3 2 2 1 0.9375 0.25 0.125 0.5 0.5
3 2 2 2 5.0978941156238473E-57 1.2744735289059618E-57 2.5489470578119236E-57 2.5489470578119236E-57 0.5
3 2 2 3 5.739718509874451E-42 1.1479437019748901E-41 5.739718509874451E-42 2.2958874039497803E-41 0.5
3 2 2 4 2.384185791015625E-7 9.5367431640625E-7 5.9604644775390625E-8 2.384185791015625E-7 0.5
3 2 3 0 0.9375 0.5 0.9375 0.5 0.5
3 2 3 1 0.25 0.0625 0.999755859375 0.125 0.5
3 2 3 2 1.1920928955078125E-7 1.1920928955078125E-7 2.9802322387695312E-8 5.9604644775390625E-8 0.5
3 2 3 3 2.9802322387695312E-8 2.9802322387695312E-8 1.1920928955078125E-7 5.9604644775390625E-8 0.5
3 2 3 4 0.0078125 0.0078125 0.015625 0.0078125 0.5
3 2 4 0 0.0625 0.5 0.03125 0.5 0.5
3 2 4 1 3.725290298461914E-9 3.725290298461914E-9 3.725290298461914E-9 1.4901161193847656E-8 0.5
3 2 4 2 0.0078125 0.03125 0.03125 0.03125 0.5
3 2 4 3 0.03125 0.03125 0.0078125 0.0625 0.5
3 2 4 4 9.5367431640625E-7 4.76837158203125E-7 1.9073486328125E-6 4.76837158203125E-7 0.5
3 3 0 0 0.5 0.5 0.5 0.5 0.5
3 3 0 1 0.5 0.015625 0.5 0.015625 0.5
3 3 0 2 0.5 0.99609375 0.5 0.875 0.5
3 3 0 3 0.5 0.5 0.5 0.5 0.5
3 3 0 4 0.5 4.8828125E-4 0.5 2.44140625E-4 0.5
3 3 1 0 4.5917748078995606E-41 0.5 4.5917748078995606E-41 0.5 0.5
3 3 1 1 3.3409558876152446E-52 6.681911775230489E-52 1.6704779438076223E-52 1.6704779438076223E-52 0.5
3 3 1 2 0.0625 0.9999961853027344 0.125 0.99951171875 0.5
3 3 1 3 1.220703125E-4 1.220703125E-4 6.103515625E-5 2.44140625E-4 0.5
3 3 1 4 9.094947017729282E-13 9.094947017729282E-13 4.547473508864641E-13 9.094947017729282E-13 0.5
3 3 2 0 0.984375 0.5 0.99609375 0.5 0.5
3 3 2 1 0.99993896484375 0.125 0.984375 0.125 0.5
3 3 2 2 4.930380657631324E-32 2.465190328815662E-32 4.930380657631324E-32 2.465190328815662E-32 0.5
3 3 2 3 3.637978807091713E-12 1.8189894035458565E-12 1.8189894035458565E-12 4.547473508864641E-13 0.5
3 3 2 4 0.001953125 9.765625E-4 0.001953125 9.765625E-4 0.5
3 3 3 0 0.5 0.5 0.5 0.5 0.5
3 3 3 1 2.44140625E-4 4.8828125E-4 4.8828125E-4 2.44140625E-4 0.5
3 3 3 2 0.0625 0.125 0.03125 0.03125 0.5
3 3 3 3 0.25 0.125 0.0625 0.125 0.5
3 3 3 4 0.125 0.75 0.875 0.5 0.5
3 3 4 0 5.9604644775390625E-8 0.5 5.9604644775390625E-8 0.5 0.5
3 3 4 1 1.220703125E-4 1.220703125E-4 1.220703125E-4 6.103515625E-5 0.5
3 3 4 2 0.00390625 0.00390625 0.001953125 0.00390625 0.5
3 3 4 3 0.25 0.25 0.25 0.25 0.5
3 3 4 4 0.0078125 0.001953125 0.001953125 0.001953125 0.5
3 4 0 0 0.5 0.5 0.5 0.5 0.5
3 4 0 1 0.5 0.0625 0.5 0.9999999962747097 0.5
3 4 0 2 0.5 0.99951171875 0.5 0.875 0.5
3 4 0 3 0.5 0.25 0.5 0.0625 0.5
3 4 0 4 0.5 0.5 0.5 0.5 0.5
3 4 1 0 0.125 0.5 0.9999999998835847 0.5 0.5
3 4 1 1 2.9103830456733704E-11 1.4551915228366852E-11 7.275957614183426E-12 2.9103830456733704E-11 0.5
3 4 1 2 5.820766091346741E-11 1.4551915228366852E-11 1.4551915228366852E-11 2.9103830456733704E-11 0.5
3 4 1 3 0.03125 0.00390625 0.00390625 0.001953125 0.5
3 4 1 4 9.765625E-4 0.001953125 9.765625E-4 0.001953125 0.5
3 4 2 0 0.999755859375 0.5 0.25 0.5 0.5
3 4 2 1 1.1368683772161603E-13 1.1368683772161603E-13 5.6843418860808015E-14 2.2737367544323206E-13 0.5
3 4 2 2 4.6566128730773926E-10 9.313225746154785E-10 1.1641532182693481E-10 1.1641532182693481E-10 0.5
3 4 2 3 2.384185791015625E-7 2.384185791015625E-7 4.76837158203125E-7 1.1920928955078125E-7 0.5
3 4 2 4 2.44140625E-4 6.103515625E-5 2.44140625E-4 4.8828125E-4 0.5
3 4 3 0 0.015625 0.5 0.015625 0.5 0.5
3 4 3 1 4.8828125E-4 0.001953125 9.765625E-4 0.001953125 0.5
3 4 3 2 9.313225746154785E-10 4.6566128730773926E-10 2.3283064365386963E-10 9.313225746154785E-10 0.5
3 4 3 3 3.0517578125E-5 4.8828125E-4 3.0517578125E-5 1.220703125E-4 0.5
3 4 3 4 0.5 0.25 0.0625 0.125 0.5
3 4 4 0 0.0078125 0.5 0.0078125 0.5 0.5
3 4 4 1 1.1920928955078125E-7 5.9604644775390625E-8 5.9604644775390625E-8 2.9802322387695312E-8 0.5
3 4 4 2 2.384185791015625E-7 2.384185791015625E-7 9.5367431640625E-7 9.5367431640625E-7 0.5
3 4 4 3 0.0625 0.0625 0.125 0.0625 0.5
3 4 4 4 0.5 0.5 0.5 0.5 0.5
4 0 0 0 0.5 0.5 0.5 0.5 0.5
4 0 0 1 0.5 0.9999999999999991 0.5 0.5 0.03125
4 0 0 2 0.5 1.4551915228366852E-11 0.5 0.5 7.275957614183426E-12
4 0 0 3 0.5 8.470329472543003E-22 0.5 0.5 8.470329472543003E-22
4 0 0 4 0.5 0.25 0.5 0.5 0.25
4 0 1 0 1.0 0.5 0.5 0.5 0.125
4 0 1 1 1.734723475976807E-18 8.673617379884035E-19 0.5 0.5 1.734723475976807E-18
4 0 1 2 1.734723475976807E-18 1.734723475976807E-18 0.5 0.5 8.673617379884035E-19
4 0 1 3 7.62939453125E-6 7.62939453125E-6 0.5 0.5 3.0517578125E-5
4 0 1 4 1.220703125E-4 6.103515625E-5 0.5 0.5 6.103515625E-5
4 0 2 0 1.1368683772161603E-13 0.5 0.5 0.5 2.2737367544323206E-13
4 0 2 1 1.4551915228366852E-11 1.4551915228366852E-11 0.5 0.5 7.275957614183426E-12
4 0 2 2 1.1641532182693481E-10 1.1641532182693481E-10 0.5 0.5 1.1641532182693481E-10
4 0 2 3 2.710505431213761E-20 6.776263578034403E-21 0.5 0.5 1.3552527156068805E-20
4 0 2 4 9.5367431640625E-7 1.9073486328125E-6 0.5 0.5 7.62939453125E-6
4 0 3 0 1.6543612251060553E-24 0.5 0.5 0.5 3.3087224502121107E-24
4 0 3 1 1.9073486328125E-6 7.62939453125E-6 0.5 0.5 7.62939453125E-6
4 0 3 2 3.2311742677852644E-27 8.077935669463161E-28 0.5 0.5 3.2311742677852644E-27
4 0 3 3 3.111507638930571E-61 1.2446030555722283E-60 0.5 0.5 1.2446030555722283E-60
4 0 3 4 2.8421709430404007E-14 3.552713678800501E-15 0.5 0.5 7.105427357601002E-15
4 0 4 0 0.25 0.5 0.5 0.5 0.75
4 0 4 1 3.0517578125E-5 6.103515625E-5 0.5 0.5 6.103515625E-5
4 0 4 2 2.9802322387695312E-8 5.9604644775390625E-8 0.5 0.5 2.9802322387695312E-8
4 0 4 3 8.881784197001252E-16 8.881784197001252E-16 0.5 0.5 4.440892098500626E-16
4 0 4 4 0.03125 0.0625 0.5 0.5 0.03125
4 1 0 0 0.5 0.5 0.5 0.5 0.5
4 1 0 1 0.5 0.99951171875 0.5 0.25 0.9375
4 1 0 2 0.5 4.76837158203125E-7 0.5 4.76837158203125E-7 9.5367431640625E-7
4 1 0 3 0.5 0.0625 0.5 0.0625 0.0625
4 1 0 4 0.5 0.25 0.5 0.99609375 0.25
4 1 1 0 0.9999847412109375 0.5 0.125 0.5 0.25
4 1 1 1 4.8828125E-4 1.220703125E-4 9.765625E-4 6.103515625E-5 4.8828125E-4
4 1 1 2 4.76837158203125E-7 2.384185791015625E-7 4.76837158203125E-7 2.384185791015625E-7 1.1920928955078125E-7
4 1 1 3 0.25 0.125 0.0625 0.125 0.125
4 1 1 4 0.875 0.125 0.25 0.0625 0.125
4 1 2 0 2.3283064365386963E-10 0.5 2.3283064365386963E-10 0.5 4.6566128730773926E-10
4 1 2 1 9.765625E-4 0.00390625 9.765625E-4 9.765625E-4 0.00390625
4 1 2 2 3.0517578125E-5 3.0517578125E-5 3.0517578125E-5 1.220703125E-4 1.52587890625E-5
4 1 2 3 4.6566128730773926E-10 4.6566128730773926E-10 4.6566128730773926E-10 2.3283064365386963E-10 4.6566128730773926E-10
4 1 2 4 9.765625E-4 0.0078125 0.00390625 0.001953125 0.00390625
4 1 3 0 0.015625 0.5 0.015625 0.5 0.015625
4 1 3 1 0.03125 0.03125 0.0625 0.0625 0.03125
4 1 3 2 1.8189894035458565E-12 1.8189894035458565E-12 3.637978807091713E-12 3.637978807091713E-12 1.8189894035458565E-12
4 1 3 3 8.881784197001252E-16 8.881784197001252E-16 3.552713678800501E-15 1.7763568394002505E-15 3.552713678800501E-15
4 1 3 4 9.765625E-4 9.765625E-4 9.765625E-4 0.001953125 4.8828125E-4
4 1 4 0 0.03125 0.5 0.998046875 0.5 0.0625
4 1 4 1 0.25 0.5 0.5 0.25 0.5
4 1 4 2 0.00390625 0.015625 0.0078125 0.00390625 0.00390625
4 1 4 3 1.220703125E-4 1.220703125E-4 1.220703125E-4 1.220703125E-4 6.103515625E-5
4 1 4 4 0.0625 0.03125 0.25 0.5 0.125
4 2 0 0 0.5 0.5 0.5 0.5 0.5
4 2 0 1 0.5 0.9999980926513672 0.5 0.25 0.9998779296875
4 2 0 2 0.5 0.015625 0.5 0.9990234375 0.75
4 2 0 3 0.5 0.875 0.5 0.96875 0.125
4 2 0 4 0.5 0.5 0.5 0.75 0.75
4 2 1 0 0.99951171875 0.5 0.9921875 0.5 0.99951171875
4 2 1 1 1.4901161193847656E-8 1.4901161193847656E-8 1.4901161193847656E-8 1.4901161193847656E-8 7.450580596923828E-9
4 2 1 2 1.862645149230957E-9 9.313225746154785E-10 1.862645149230957E-9 9.313225746154785E-10 9.313225746154785E-10
4 2 1 3 9.765625E-4 2.44140625E-4 2.44140625E-4 9.765625E-4 9.765625E-4
4 2 1 4 0.25 0.125 0.5 0.5 0.0625
4 2 2 0 2.384185791015625E-7 0.5 4.76837158203125E-7 0.5 4.76837158203125E-7
4 2 2 1 1.9073486328125E-6 3.814697265625E-6 3.814697265625E-6 1.52587890625E-5 3.814697265625E-6
4 2 2 2 1.8189894035458565E-12 1.8189894035458565E-12 1.8189894035458565E-12 3.637978807091713E-12 1.8189894035458565E-12
4 2 2 3 8.077935669463161E-28 2.0194839173657902E-28 1.6155871338926322E-27 8.077935669463161E-28 8.077935669463161E-28
4 2 2 4 2.44140625E-4 4.8828125E-4 2.44140625E-4 4.8828125E-4 2.44140625E-4
4 2 3 0 0.96875 0.5 0.96875 0.5 0.75
4 2 3 1 8.470329472543003E-22 8.470329472543003E-22 8.470329472543003E-22 8.470329472543003E-22 4.2351647362715017E-22
4 2 3 2 1.4210854715202004E-14 7.105427357601002E-15 7.105427357601002E-15 1.4210854715202004E-14 1.4210854715202004E-14
4 2 3 3 7.62939453125E-6 3.814697265625E-6 3.814697265625E-6 7.62939453125E-6 1.52587890625E-5
4 2 3 4 0.125 0.0625 0.0625 0.125 0.25
4 2 4 0 0.75 0.5 0.5 0.5 0.75
4 2 4 1 9.765625E-4 4.8828125E-4 0.001953125 9.765625E-4 0.001953125
4 2 4 2 1.220703125E-4 1.220703125E-4 2.44140625E-4 6.103515625E-5 1.220703125E-4
4 2 4 3 4.8828125E-4 0.00390625 9.765625E-4 4.8828125E-4 9.765625E-4
4 2 4 4 0.03125 0.015625 0.03125 0.03125 0.03125
4 3 0 0 0.5 0.5 0.5 0.5 0.5
4 3 0 1 0.5 0.9999999962747097 0.5 0.015625 0.5
4 3 0 2 0.5 0.0625 0.5 0.9999923706054688 0.5
4 3 0 3 0.5 0.875 0.5 0.5 0.5
4 3 0 4 0.5 0.5 0.5 0.25 0.5
4 3 1 0 0.9999999995343387 0.5 0.125 0.5 0.5
4 3 1 1 1.8189894035458565E-12 3.637978807091713E-12 4.547473508864641E-13 1.4551915228366852E-11 0.5
4 3 1 2 5.551115123125783E-17 1.3877787807814457E-17 5.551115123125783E-17 5.551115123125783E-17 0.5
4 3 1 3 0.015625 0.0625 0.0625 0.0625 0.5
4 3 1 4 2.9802322387695312E-8 1.1920928955078125E-7 5.9604644775390625E-8 1.1920928955078125E-7 0.5
4 3 2 0 0.5 0.5 0.998046875 0.5 0.5
4 3 2 1 1.8189894035458565E-12 2.9103830456733704E-11 3.637978807091713E-12 7.275957614183426E-12 0.5
4 3 2 2 2.3283064365386963E-10 2.3283064365386963E-10 2.3283064365386963E-10 4.6566128730773926E-10 0.5
4 3 2 3 6.103515625E-5 1.220703125E-4 3.0517578125E-5 6.103515625E-5 0.5
4 3 2 4 0.5 0.5 0.25 0.5 0.5
4 3 3 0 0.001953125 0.5 0.00390625 0.5 0.5
4 3 3 1 0.0078125 0.015625 0.00390625 0.0078125 0.5
4 3 3 2 1.52587890625E-5 1.52587890625E-5 1.52587890625E-5 1.52587890625E-5 0.5
4 3 3 3 2.44140625E-4 1.220703125E-4 4.8828125E-4 4.8828125E-4 0.5
4 3 3 4 0.25 0.5 0.25 0.125 0.5
4 3 4 0 0.125 0.5 0.0625 0.5 0.5
4 3 4 1 3.814697265625E-6 1.9073486328125E-6 9.5367431640625E-7 1.9073486328125E-6 0.5
4 3 4 2 1.220703125E-4 4.8828125E-4 9.765625E-4 4.8828125E-4 0.5
4 3 4 3 0.5 0.5 0.25 0.125 0.5
4 3 4 4 0.5 0.5 0.5 0.5 0.5
4 4 0 0 0.5 0.5 0.5 0.5 0.5
4 4 0 1 0.5 0.9921875 0.5 0.99609375 0.5
4 4 0 2 0.5 0.998046875 0.5 0.875 0.5
4 4 0 3 0.5 0.001953125 0.5 0.001953125 0.5
4 4 0 4 0.5 0.5 0.5 0.5 0.5
4 4 1 0 0.99609375 0.5 0.96875 0.5 0.5
4 4 1 1 0.998046875 0.9990234375 0.96875 0.998046875 0.5
4 4 1 2 5.9604644775390625E-8 5.9604644775390625E-8 2.384185791015625E-7 1.1920928955078125E-7 0.5
4 4 1 3 0.125 0.0625 0.03125 0.015625 0.5
4 4 1 4 0.125 0.125 0.03125 0.03125 0.5
4 4 2 0 0.9375 0.5 0.984375 0.5 0.5
4 4 2 1 9.5367431640625E-7 1.9073486328125E-6 4.76837158203125E-7 9.5367431640625E-7 0.5
4 4 2 2 5.820766091346741E-11 2.9103830456733704E-11 2.9103830456733704E-11 5.820766091346741E-11 0.5
4 4 2 3 9.313225746154785E-10 4.6566128730773926E-10 1.862645149230957E-9 3.725290298461914E-9 0.5
4 4 2 4 0.03125 0.0625 0.0625 0.03125 0.5
4 4 3 0 3.814697265625E-6 0.5 3.814697265625E-6 0.5 0.5
4 4 3 1 0.125 0.5 0.0625 0.125 0.5
4 4 3 2 9.313225746154785E-10 4.6566128730773926E-10 4.6566128730773926E-10 3.725290298461914E-9 0.5
4 4 3 3 3.725290298461914E-9 3.725290298461914E-9 1.4901161193847656E-8 1.4901161193847656E-8 0.5
4 4 3 4 9.765625E-4 0.00390625 9.765625E-4 4.8828125E-4 0.5
4 4 4 0 0.5 0.5 0.5 0.5 0.5
4 4 4 1 0.015625 0.0078125 0.001953125 0.001953125 0.5
4 4 4 2 0.03125 0.03125 0.03125 0.03125 0.5
4 4 4 3 0.0078125 0.00390625 0.0078125 0.0078125 0.5
4 4 4 4 0.5 0.5 0.5 0.5 0.5
