0 0 0 0 0.5 0.5 0.5 0.5 0.5
0 0 0 1 0.5 0.5 0.5 0.5 0.5
0 0 0 2 0.5 0.5 0.5 0.5 0.5
0 0 0 3 0.5 0.5 0.5 0.5 0.5
0 0 0 4 0.5 0.5 0.5 0.5 0.5
0 0 1 0 0.5 0.5 0.5 0.5 0.5
0 0 1 1 0.5 0.5 0.5 0.5 0.5
0 0 1 2 0.5 0.5 0.5 0.5 0.5
0 0 1 3 0.5 0.5 0.5 0.5 0.5
0 0 1 4 0.5 0.5 0.5 0.5 0.5
0 0 2 0 0.5 0.5 0.5 0.5 0.5
0 0 2 1 0.5 0.5 0.5 0.5 0.5
0 0 2 2 0.5 0.5 0.5 0.5 0.5
0 0 2 3 0.5 0.5 0.5 0.5 0.5
0 0 2 4 0.5 0.5 0.5 0.5 0.5
0 0 3 0 0.5 0.5 0.5 0.5 0.5
0 0 3 1 0.5 0.5 0.5 0.5 0.5
0 0 3 2 0.5 0.5 0.5 0.5 0.5
0 0 3 3 0.5 0.5 0.5 0.5 0.5
0 0 3 4 0.5 0.5 0.5 0.5 0.5
0 0 4 0 0.5 0.5 0.5 0.5 0.5
0 0 4 1 0.5 0.5 0.5 0.5 0.5
0 0 4 2 0.5 0.5 0.5 0.5 0.5
0 0 4 3 0.5 0.5 0.5 0.5 0.5
0 0 4 4 0.5 0.5 0.5 0.5 0.5
0 1 0 0 0.5 0.5 0.5 0.5 0.5
0 1 0 1 0.5 0.5 0.5 0.9999999999999858 0.5
0 1 0 2 0.5 0.5 0.5 1.0 0.5
0 1 0 3 0.5 0.5 0.5 1.862645149230957E-9 0.5
0 1 0 4 0.5 0.5 0.5 1.0 0.5
0 1 1 0 0.5 0.5 0.9999999999999999 0.5 0.5
0 1 1 1 0.5 0.5 1.0 1.0 0.5
0 1 1 2 0.5 0.5 1.0 4.8828125E-4 0.5
0 1 1 3 0.5 0.5 1.0 4.8828125E-4 0.5
0 1 1 4 0.5 0.5 0.015625 0.9999999999999929 0.5
0 1 2 0 0.5 0.5 1.0 0.5 0.5
0 1 2 1 0.5 0.5 0.9999997615814209 0.9998779296875 0.5
0 1 2 2 0.5 0.5 0.001953125 1.0 0.5
0 1 2 3 0.5 0.5 0.9999999998835847 9.5367431640625E-7 0.5
0 1 2 4 0.5 0.5 0.0078125 1.0 0.5
0 1 3 0 0.5 0.5 2.9103830456733704E-11 0.5 0.5
0 1 3 1 0.5 0.5 1.220703125E-4 0.999999999992724 0.5
0 1 3 2 0.5 0.5 1.4901161193847656E-8 1.1920928955078125E-7 0.5
0 1 3 3 0.5 0.5 1.9073486328125E-6 1.9073486328125E-6 0.5
0 1 3 4 0.5 0.5 0.001953125 1.0 0.5
0 1 4 0 0.5 0.5 1.0 0.5 0.5
0 1 4 1 0.5 0.5 0.9999999999708962 0.03125 0.5
0 1 4 2 0.5 0.5 1.0 0.03125 0.5
0 1 4 3 0.5 0.5 1.0 0.015625 0.5
0 1 4 4 0.5 0.5 2.44140625E-4 2.44140625E-4 0.5
0 2 0 0 0.5 0.5 0.5 0.5 0.5
0 2 0 1 0.5 0.5 0.5 0.0078125 1.0
0 2 0 2 0.5 0.5 0.5 0.9999999999995453 0.9999999999999999
0 2 0 3 0.5 0.5 0.5 1.0 1.0
0 2 0 4 0.5 0.5 0.5 0.9999999999999991 1.0
0 2 1 0 0.5 0.5 0.0078125 0.5 1.0
0 2 1 1 0.5 0.5 0.015625 0.0078125 1.0
0 2 1 2 0.5 0.5 0.03125 0.0625 1.0
0 2 1 3 0.5 0.5 0.015625 0.999755859375 1.0
0 2 1 4 0.5 0.5 0.03125 0.9999999962747097 0.999999999992724
0 2 2 0 0.5 0.5 0.9999999999708962 0.5 1.0
0 2 2 1 0.5 0.5 0.9999999997671694 0.015625 1.0
0 2 2 2 0.5 0.5 0.015625 0.9999999999999998 0.9999999999995453
0 2 2 3 0.5 0.5 0.00390625 1.0 0.03125
0 2 2 4 0.5 0.5 0.015625 0.9999999999999999 0.9999999999990905
0 2 3 0 0.5 0.5 1.0 0.5 1.0
0 2 3 1 0.5 0.5 0.9999999999999999 0.03125 0.9999999999999432
0 2 3 2 0.5 0.5 1.0 0.001953125 1.0
0 2 3 3 0.5 0.5 0.001953125 0.001953125 1.0
0 2 3 4 0.5 0.5 0.999999999992724 0.015625 0.999999999996362
0 2 4 0 0.5 0.5 1.0 0.5 0.9999999981373549
0 2 4 1 0.5 0.5 0.875 0.0078125 0.9999999999708962
0 2 4 2 0.5 0.5 1.0 0.015625 0.9999999701976776
0 2 4 3 0.5 0.5 0.03125 0.999999999996362 0.9999999999999996
0 2 4 4 0.5 0.5 0.999999999992724 0.9999999981373549 0.03125
0 3 0 0 0.5 0.5 0.5 0.5 0.5
0 3 0 1 0.5 0.5 0.5 0.9999999999999991 1.0
0 3 0 2 0.5 0.5 0.5 1.0 1.0
0 3 0 3 0.5 0.5 0.5 1.0 0.03125
0 3 0 4 0.5 0.5 0.5 0.03125 0.9999999999999432
0 3 1 0 0.5 0.5 1.0 0.5 1.0
0 3 1 1 0.5 0.5 0.5 1.0 0.03125
0 3 1 2 0.5 0.5 0.015625 1.0 1.0
0 3 1 3 0.5 0.5 0.125 0.9999999701976776 0.9999923706054688
0 3 1 4 0.5 0.5 0.9999990463256836 0.03125 0.9999923706054688
0 3 2 0 0.5 0.5 1.0 0.5 1.0
0 3 2 1 0.5 0.5 1.0 0.015625 1.0
0 3 2 2 0.5 0.5 9.765625E-4 4.8828125E-4 1.0
0 3 2 3 0.5 0.5 0.001953125 9.765625E-4 1.0
0 3 2 4 0.5 0.5 0.99951171875 0.03125 0.9999961853027344
0 3 3 0 0.5 0.5 1.0 0.5 0.015625
0 3 3 1 0.5 0.5 0.9999990463256836 0.96875 0.9999990463256836
0 3 3 2 0.5 0.5 0.001953125 0.001953125 1.0
0 3 3 3 0.5 0.5 0.9999999999990905 0.9999999999999716 0.03125
0 3 3 4 0.5 0.5 0.9999961853027344 0.03125 0.9999847412109375
0 3 4 0 0.5 0.5 0.03125 0.5 0.9999997615814209
0 3 4 1 0.5 0.5 0.0625 0.0625 0.9999999999995453
0 3 4 2 0.5 0.5 0.0625 0.9999999925494194 0.96875
0 3 4 3 0.5 0.5 0.03125 0.9990234375 0.999969482421875
0 3 4 4 0.5 0.5 0.125 0.75 0.99609375
0 4 0 0 0.5 0.5 0.5 0.5 0.5
0 4 0 1 0.5 0.5 0.5 1.0 1.0
0 4 0 2 0.5 0.5 0.5 0.015625 0.9999999999998863
0 4 0 3 0.5 0.5 0.5 0.9999999999999716 0.9999999999999999
0 4 0 4 0.5 0.5 0.5 0.9990234375 0.9998779296875
0 4 1 0 0.5 0.5 1.0 0.5 1.0
0 4 1 1 0.5 0.5 0.0078125 0.00390625 1.0
0 4 1 2 0.5 0.5 0.9999999999998863 0.03125 1.0
0 4 1 3 0.5 0.5 0.9999999403953552 0.0625 0.9999980926513672
0 4 1 4 0.5 0.5 0.9999997615814209 0.75 0.9999847412109375
0 4 2 0 0.5 0.5 0.0078125 0.5 1.0
0 4 2 1 0.5 0.5 0.03125 0.9999999999990905 0.9999999997671694
0 4 2 2 0.5 0.5 0.015625 0.03125 0.9999999999999858
0 4 2 3 0.5 0.5 0.001953125 1.0 1.0
0 4 2 4 0.5 0.5 0.015625 0.03125 0.9999999999999929
0 4 3 0 0.5 0.5 0.999999999998181 0.5 1.0
0 4 3 1 0.5 0.5 0.125 0.9999999997671694 0.9999999995343387
0 4 3 2 0.5 0.5 0.9999999999999964 0.03125 0.0625
0 4 3 3 0.5 0.5 1.220703125E-4 2.9802322387695312E-8 1.0
0 4 3 4 0.5 0.5 0.0625 0.9921875 0.9999995231628418
0 4 4 0 0.5 0.5 0.984375 0.5 0.99609375
0 4 4 1 0.5 0.5 0.25 0.875 0.75
0 4 4 2 0.5 0.5 0.015625 0.015625 0.984375
0 4 4 3 0.5 0.5 0.9999847412109375 0.125 0.9999961853027344
0 4 4 4 0.5 0.5 0.5 0.75 0.984375
1 0 0 0 0.5 0.5 0.5 0.5 0.5
1 0 0 1 0.5 0.9999999999854481 0.5 0.5 0.5
1 0 0 2 0.5 1.0 0.5 0.5 0.5
1 0 0 3 0.5 2.8421709430404007E-14 0.5 0.5 0.5
1 0 0 4 0.5 1.0 0.5 0.5 0.5
1 0 1 0 0.9999999999999716 0.5 0.5 0.5 0.5
1 0 1 1 1.0 1.0 0.5 0.5 0.5
1 0 1 2 1.0 0.9999997615814209 0.5 0.5 0.5
1 0 1 3 0.9999999999997726 2.44140625E-4 0.5 0.5 0.5
1 0 1 4 0.03125 0.9999999999999991 0.5 0.5 0.5
1 0 2 0 0.9999999999998863 0.5 0.5 0.5 0.5
1 0 2 1 0.9999999997671694 0.9999999990686774 0.5 0.5 0.5
1 0 2 2 1.0 7.62939453125E-6 0.5 0.5 0.5
1 0 2 3 1.0 2.384185791015625E-7 0.5 0.5 0.5
1 0 2 4 0.00390625 1.0 0.5 0.5 0.5
1 0 3 0 2.2737367544323206E-13 0.5 0.5 0.5 0.5
1 0 3 1 1.220703125E-4 0.9999999962747097 0.5 0.5 0.5
1 0 3 2 2.384185791015625E-7 1.0 0.5 0.5 0.5
1 0 3 3 5.9604644775390625E-8 5.9604644775390625E-8 0.5 0.5 0.5
1 0 3 4 0.015625 1.0 0.5 0.5 0.5
1 0 4 0 1.0 0.5 0.5 0.5 0.5
1 0 4 1 0.9999999999999998 0.015625 0.5 0.5 0.5
1 0 4 2 1.0 0.015625 0.5 0.5 0.5
1 0 4 3 1.0 0.0078125 0.5 0.5 0.5
1 0 4 4 6.103515625E-5 1.220703125E-4 0.5 0.5 0.5
1 1 0 0 0.5 0.5 0.5 0.5 0.5
1 1 0 1 0.5 0.5 0.5 0.5 0.5
1 1 0 2 0.5 1.0 0.5 1.0 0.5
1 1 0 3 0.5 0.9999999701976776 0.5 0.9999999990686774 0.5
1 1 0 4 0.5 1.0 0.5 1.0 0.5
1 1 1 0 0.5 0.5 0.5 0.5 0.5
1 1 1 1 0.9999995231628418 0.9999999990686774 0.9999999850988388 0.999969482421875 0.5
1 1 1 2 1.0 1.0 1.0 0.9999999962747097 0.5
1 1 1 3 0.9998779296875 0.9999997615814209 0.999969482421875 0.984375 0.5
1 1 1 4 0.9998779296875 0.99993896484375 0.984375 0.999755859375 0.5
1 1 2 0 0.9999999962747097 0.5 0.999999999992724 0.5 0.5
1 1 2 1 0.9999999962747097 0.9999999850988388 0.125 0.75 0.5
1 1 2 2 0.03125 1.0 1.0 1.0 0.5
1 1 2 3 0.9999999999854481 0.9999999981373549 0.9999999403953552 0.9999999999999858 0.5
1 1 2 4 0.9999999701976776 0.999999999996362 0.984375 0.999969482421875 0.5
1 1 3 0 0.9999999403953552 0.5 0.9999999925494194 0.5 0.5
1 1 3 1 0.25 0.9921875 0.75 0.9375 0.5
1 1 3 2 0.99609375 0.9999980926513672 0.9999997615814209 0.9999999999997726 0.5
1 1 3 3 0.9999999962747097 0.9999999999999716 0.9999999999417923 0.03125 0.5
1 1 3 4 0.015625 0.9999999999999858 0.03125 1.0 0.5
1 1 4 0 1.0 0.5 0.9999999999990905 0.5 0.5
1 1 4 1 0.999755859375 0.99993896484375 0.99609375 0.25 0.5
1 1 4 2 0.9999999850988388 0.9998779296875 0.9999997615814209 0.0625 0.5
1 1 4 3 1.0 0.0078125 0.9999999999999858 0.0078125 0.5
1 1 4 4 0.9999999403953552 0.999969482421875 0.9999999850988388 0.9999998807907104 0.5
1 2 0 0 0.5 0.5 0.5 0.5 0.5
1 2 0 1 0.5 1.0 0.5 0.0625 0.5
1 2 0 2 0.5 0.0625 0.5 0.9999999999999929 0.5
1 2 0 3 0.5 0.9999999999997726 0.5 1.0 0.5
1 2 0 4 0.5 0.999999999998181 0.5 0.9999999998835847 0.5
1 2 1 0 1.0 0.5 0.015625 0.5 0.5
1 2 1 1 1.0 1.0 0.0078125 0.00390625 0.5
1 2 1 2 0.9999980926513672 0.9999980926513672 0.99993896484375 0.9999999962747097 0.5
1 2 1 3 0.99993896484375 0.9999999995343387 0.0625 0.9999999999999998 0.5
1 2 1 4 0.9999999999995453 0.9998779296875 0.9999999403953552 1.0 0.5
1 2 2 0 0.0625 0.5 0.9999998807907104 0.5 0.5
1 2 2 1 0.03125 0.9999999997671694 0.99993896484375 0.9999998807907104 0.5
1 2 2 2 0.9999999999999432 0.9999999999997726 1.0 1.0 0.5
1 2 2 3 0.03125 1.0 0.998046875 1.0 0.5
1 2 2 4 0.9999923706054688 0.9999999850988388 0.9998779296875 0.0625 0.5
1 2 3 0 0.9999999999999998 0.5 1.0 0.5 0.5
1 2 3 1 0.0625 0.03125 1.0 0.015625 0.5
1 2 3 2 0.99993896484375 0.0625 0.9999999997671694 0.9999999998835847 0.5
1 2 3 3 1.0 0.0625 0.0078125 0.0078125 0.5
1 2 3 4 0.9999999995343387 0.03125 0.9999999999998863 0.9990234375 0.5
1 2 4 0 0.9999999962747097 0.5 0.9999997615814209 0.5 0.5
1 2 4 1 0.984375 0.9998779296875 0.9921875 0.9921875 0.5
1 2 4 2 0.9999980926513672 0.9998779296875 0.9999961853027344 0.99993896484375 0.5
1 2 4 3 0.0625 0.9999961853027344 0.9999980926513672 0.9999999999990905 0.5
1 2 4 4 0.9999999981373549 0.9999997615814209 0.9990234375 0.9999961853027344 0.5
1 3 0 0 0.5 0.5 0.5 0.5 0.5
1 3 0 1 0.5 0.9999999999999996 0.5 1.0 1.0
1 3 0 2 0.5 0.9999999999708962 0.5 0.9999999999417923 0.9999995231628418
1 3 0 3 0.5 0.9990234375 0.5 0.998046875 0.75
1 3 0 4 0.5 0.9999999990686774 0.5 0.9999999990686774 0.9999999999417923
1 3 1 0 0.25 0.5 0.0078125 0.5 1.0
1 3 1 1 1.0 1.0 0.9375 0.9999999850988388 0.9999999999990905
1 3 1 2 0.03125 1.0 0.25 1.0 1.0
1 3 1 3 0.875 0.125 0.9375 0.9921875 0.999755859375
1 3 1 4 0.999755859375 0.9998779296875 0.9921875 0.9999990463256836 0.9990234375
1 3 2 0 0.9999999999854481 0.5 0.9999999999417923 0.5 0.9999999995343387
1 3 2 1 0.9999995231628418 0.9999999962747097 0.9999999997671694 0.9999999981373549 0.9999999962747097
1 3 2 2 0.9999999925494194 0.015625 1.0 1.0 1.0
1 3 2 3 0.9921875 0.9998779296875 0.9999999999999929 0.9999999850988388 0.9999995231628418
1 3 2 4 0.9999990463256836 0.9999990463256836 0.999755859375 0.99951171875 0.998046875
1 3 3 0 0.75 0.5 0.875 0.5 0.25
1 3 3 1 0.75 0.99993896484375 0.25 0.125 0.25
1 3 3 2 0.9999995231628418 0.9999999999998863 0.999999999996362 0.9999999999990905 0.9999847412109375
1 3 3 3 0.99951171875 0.9990234375 0.9375 0.99609375 0.0625
1 3 3 4 0.9375 0.9999961853027344 0.99951171875 0.9921875 0.9921875
1 3 4 0 0.9999999990686774 0.5 0.9999999981373549 0.5 0.9999995231628418
1 3 4 1 0.9999980926513672 0.998046875 0.999969482421875 0.75 0.9998779296875
1 3 4 2 0.9999999995343387 0.75 0.9999999701976776 0.9999999999998863 0.9999999981373549
1 3 4 3 0.999969482421875 0.96875 0.999755859375 0.9921875 0.99951171875
1 3 4 4 0.999755859375 0.9990234375 0.9990234375 0.9999998807907104 0.9998779296875
1 4 0 0 0.5 0.5 0.5 0.5 0.5
1 4 0 1 0.5 0.5 0.5 0.99993896484375 0.9999923706054688
1 4 0 2 0.5 0.9999999999999964 0.5 0.9999999999999982 0.9999999999999996
1 4 0 3 0.5 1.0 0.5 0.9999999999999964 0.9999999999999998
1 4 0 4 0.5 0.99609375 0.5 0.875 0.875
1 4 1 0 0.99993896484375 0.5 0.9999923706054688 0.5 0.9999997615814209
1 4 1 1 0.0625 0.99951171875 0.9999990463256836 0.9999999981373549 0.9999923706054688
1 4 1 2 0.9999999981373549 0.9999999403953552 0.9999999999999996 0.9999999999854481 0.9999999998835847
1 4 1 3 0.9998779296875 0.99609375 0.9999999850988388 0.9990234375 0.9990234375
1 4 1 4 0.984375 0.984375 0.99609375 0.96875 0.25
1 4 2 0 0.9999999999999998 0.5 1.0 0.5 0.9999999999999858
1 4 2 1 0.9998779296875 0.9999999925494194 0.9999999403953552 0.9999990463256836 0.9999997615814209
1 4 2 2 1.0 1.0 1.0 1.0 1.0
1 4 2 3 0.999999999992724 0.9999999999999929 1.0 0.9999999999708962 0.9999999999995453
1 4 2 4 0.9998779296875 0.99609375 0.9998779296875 0.99951171875 0.999755859375
1 4 3 0 0.999999999992724 0.5 0.9999999999990905 0.5 0.9999999999708962
1 4 3 1 0.9990234375 0.875 0.99951171875 0.75 0.984375
1 4 3 2 0.015625 1.0 0.9999999997671694 0.9999999403953552 1.0
1 4 3 3 1.0 0.9999999403953552 1.0 1.0 1.0
1 4 3 4 0.99993896484375 0.9999847412109375 0.99609375 0.999755859375 0.5
1 4 4 0 0.99609375 0.5 0.984375 0.5 0.99609375
1 4 4 1 0.9375 0.875 0.875 0.75 0.9375
1 4 4 2 0.9999997615814209 0.25 0.9999990463256836 0.0625 0.998046875
1 4 4 3 0.9999990463256836 0.25 0.5 0.9990234375 0.9990234375
1 4 4 4 0.75 0.75 0.25 0.5 0.9921875
2 0 0 0 0.5 0.5 0.5 0.5 0.5
2 0 0 1 0.5 0.0078125 0.5 0.5 1.0
2 0 0 2 0.5 0.9999999999999982 0.5 0.5 0.99951171875
2 0 0 3 0.5 1.0 0.5 0.5 1.0
2 0 0 4 0.5 0.9999999999995453 0.5 0.5 0.9999999999999716
2 0 1 0 0.015625 0.5 0.5 0.5 1.0
2 0 1 1 0.0078125 0.015625 0.5 0.5 1.0
2 0 1 2 0.03125 1.0 0.5 0.5 1.0
2 0 1 3 0.00390625 0.015625 0.5 0.5 1.0
2 0 1 4 0.03125 0.015625 0.5 0.5 0.999999999998181
2 0 2 0 0.999999999992724 0.5 0.5 0.5 0.9999999999997726
2 0 2 1 0.9999999701976776 0.0625 0.5 0.5 0.999999999996362
2 0 2 2 1.0 0.999999999998181 0.5 0.5 1.0
2 0 2 3 0.0078125 1.0 0.5 0.5 1.0
2 0 2 4 0.0625 0.9999999981373549 0.5 0.5 0.9999999701976776
2 0 3 0 1.0 0.5 0.5 0.5 1.0
2 0 3 1 1.0 0.015625 0.5 0.5 0.03125
2 0 3 2 1.0 0.0078125 0.5 0.5 1.0
2 0 3 3 9.765625E-4 9.765625E-4 0.5 0.5 1.0
2 0 3 4 0.9999999999999999 0.03125 0.5 0.5 0.9999999999417923
2 0 4 0 0.9999999999999998 0.5 0.5 0.5 1.0
2 0 4 1 0.96875 0.125 0.5 0.5 0.9999995231628418
2 0 4 2 0.9999999999999858 0.015625 0.5 0.5 1.0
2 0 4 3 0.0625 0.9999999999999964 0.5 0.5 0.9999999997671694
2 0 4 4 0.99609375 1.0 0.5 0.5 0.03125
2 1 0 0 0.5 0.5 0.5 0.5 0.5
2 1 0 1 0.5 0.015625 0.5 1.0 0.5
2 1 0 2 0.5 0.9999999999990905 0.5 0.0625 0.5
2 1 0 3 0.5 1.0 0.5 0.9999999999999982 0.5
2 1 0 4 0.5 0.9999999403953552 0.5 0.9999999999854481 0.5
2 1 1 0 0.0078125 0.5 1.0 0.5 0.5
2 1 1 1 1.52587890625E-5 1.52587890625E-5 1.52587890625E-5 1.0 0.5
2 1 1 2 0.75 0.9999999999854481 0.9999999998835847 0.125 0.5
2 1 1 3 0.03125 1.0 0.9999999999417923 0.9999999999998863 0.5
2 1 1 4 0.0625 1.0 1.0 1.0 0.5
2 1 2 0 0.9999999403953552 0.5 0.0625 0.5 0.5
2 1 2 1 0.9999847412109375 0.9375 0.999755859375 0.9999999701976776 0.5
2 1 2 2 0.999999999992724 0.9999999999999999 0.03125 0.999999999992724 0.5
2 1 2 3 0.9999999997671694 0.9999999999995453 0.03125 0.9999999403953552 0.5
2 1 2 4 0.03125 0.25 0.9999980926513672 0.9999999999417923 0.5
2 1 3 0 1.0 0.5 0.9999999999990905 0.5 0.5
2 1 3 1 0.9999999995343387 0.25 0.9999961853027344 0.9375 0.5
2 1 3 2 1.0 1.0 0.9999999999990905 0.015625 0.5
2 1 3 3 0.0625 0.0078125 1.0 1.0 0.5
2 1 3 4 0.9999997615814209 0.9999999925494194 0.9999999999995453 0.0625 0.5
2 1 4 0 0.9921875 0.5 0.9999999999999716 0.5 0.5
2 1 4 1 0.9921875 0.875 0.99951171875 0.9990234375 0.5
2 1 4 2 0.9999999999990905 0.0625 0.9999999999997726 0.9999999999995453 0.5
2 1 4 3 0.125 0.9999999997671694 0.0625 0.9999999999999432 0.5
2 1 4 4 0.9999998807907104 0.9990234375 0.9999999981373549 0.99993896484375 0.5
2 2 0 0 0.5 0.5 0.5 0.5 0.5
2 2 0 1 0.5 1.0 0.5 1.0 0.5
2 2 0 2 0.5 0.5 0.5 0.5 0.5
2 2 0 3 0.5 0.9999847412109375 0.5 0.9999999701976776 0.5
2 2 0 4 0.5 1.0 0.5 1.0 0.5
2 2 1 0 1.0 0.5 1.0 0.5 0.5
2 2 1 1 1.0 1.0 1.0 1.0 0.5
2 2 1 2 1.0 1.0 1.0 1.0 0.5
2 2 1 3 0.984375 0.9999847412109375 0.99951171875 0.999969482421875 0.5
2 2 1 4 0.9999999998835847 0.9999999850988388 0.9999999995343387 0.9999999701976776 0.5
2 2 2 0 0.5 0.5 0.5 0.5 0.5
2 2 2 1 0.5 0.00390625 0.0078125 0.9999999999999432 0.5
2 2 2 2 1.0 0.03125 1.0 0.9999999999999982 0.5
2 2 2 3 1.0 1.0 0.875 0.9999999999999998 0.5
2 2 2 4 0.5 0.9999997615814209 0.9999999850988388 0.9999995231628418 0.5
2 2 3 0 0.999999999998181 0.5 0.9999999999999432 0.5 0.5
2 2 3 1 0.9999997615814209 0.9998779296875 0.9999999981373549 0.99609375 0.5
2 2 3 2 0.9990234375 0.998046875 0.96875 0.96875 0.5
2 2 3 3 0.9999999998835847 0.9999999999854481 0.9999998807907104 0.99609375 0.5
2 2 3 4 0.9999847412109375 0.9999980926513672 0.9999999981373549 0.9999999925494194 0.5
2 2 4 0 1.0 0.5 1.0 0.5 0.5
2 2 4 1 0.9999999999417923 0.9999999999854481 0.9999999998835847 0.0625 0.5
2 2 4 2 0.999999999992724 0.9999999999995453 0.9999999403953552 0.999999999996362 0.5
2 2 4 3 0.9921875 0.96875 0.99951171875 0.9999923706054688 0.5
2 2 4 4 0.9999999981373549 0.9999999999708962 0.9999999999417923 0.9999997615814209 0.5
2 3 0 0 0.5 0.5 0.5 0.5 0.5
2 3 0 1 0.5 1.0 0.5 1.0 0.5
2 3 0 2 0.5 0.9999999999854481 0.5 0.999999999996362 0.5
2 3 0 3 0.5 0.999755859375 0.5 0.998046875 0.5
2 3 0 4 0.5 0.9999999999708962 0.5 0.9999999962747097 0.5
2 3 1 0 1.0 0.5 1.0 0.5 0.5
2 3 1 1 1.0 1.0 1.0 1.0 0.5
2 3 1 2 1.0 0.9999999999995453 1.0 1.0 0.5
2 3 1 3 0.9999980926513672 0.9999999995343387 0.99951171875 0.96875 0.5
2 3 1 4 0.9999999999999991 1.0 1.0 0.9999999999990905 0.5
2 3 2 0 0.9999961853027344 0.5 0.9999999999999991 0.5 0.5
2 3 2 1 0.9999999850988388 0.0625 0.9999999999854481 0.9999990463256836 0.5
2 3 2 2 0.9999999999708962 0.9999999999999432 1.0 1.0 0.5
2 3 2 3 0.9999997615814209 0.9999995231628418 0.9999998807907104 0.9999995231628418 0.5
2 3 2 4 0.999755859375 0.99951171875 0.999969482421875 0.99951171875 0.5
2 3 3 0 0.999755859375 0.5 0.999755859375 0.5 0.5
2 3 3 1 0.9999999990686774 0.9998779296875 0.9999923706054688 0.999969482421875 0.5
2 3 3 2 0.25 0.875 0.25 0.96875 0.5
2 3 3 3 0.9999997615814209 0.9999999998835847 0.9999999999990905 0.9999995231628418 0.5
2 3 3 4 0.9921875 0.998046875 0.998046875 0.984375 0.5
2 3 4 0 1.0 0.5 1.0 0.5 0.5
2 3 4 1 0.9999980926513672 0.999969482421875 0.99993896484375 0.9999999850988388 0.5
2 3 4 2 0.9999961853027344 0.9375 0.9999923706054688 0.984375 0.5
2 3 4 3 0.9375 0.5 0.9375 0.9921875 0.5
2 3 4 4 0.9999961853027344 0.9999995231628418 0.9999999701976776 0.125 0.5
2 4 0 0 0.5 0.5 0.5 0.5 0.5
2 4 0 1 0.5 0.9999999403953552 0.5 0.9999999999999929 0.9999999995343387
2 4 0 2 0.5 0.9999997615814209 0.5 0.9999999701976776 0.9999999999417923
2 4 0 3 0.5 0.998046875 0.5 0.984375 0.984375
2 4 0 4 0.5 0.99993896484375 0.5 0.9921875 0.75
2 4 1 0 1.0 0.5 1.0 0.5 1.0
2 4 1 1 0.9999999999999996 0.9999999998835847 0.9375 0.9999999999990905 0.999999999992724
2 4 1 2 1.0 1.0 1.0 0.9999999999998863 1.0
2 4 1 3 0.999969482421875 0.9999997615814209 0.9998779296875 0.25 0.9999961853027344
2 4 1 4 0.998046875 0.998046875 0.984375 0.9921875 0.9998779296875
2 4 2 0 0.999999999992724 0.5 0.9999999998835847 0.5 0.9999999999999964
2 4 2 1 0.9999999403953552 0.984375 0.9999998807907104 0.9999999990686774 0.9999999701976776
2 4 2 2 0.9999999999999964 0.999999999992724 0.999999999998181 0.9999999981373549 0.9999999999990905
2 4 2 3 0.25 0.9999999990686774 0.9999980926513672 0.9999999981373549 0.999969482421875
2 4 2 4 0.9998779296875 0.25 0.25 0.99609375 0.99951171875
2 4 3 0 0.999755859375 0.5 0.875 0.5 0.25
2 4 3 1 0.99951171875 0.9990234375 0.9999961853027344 0.9999961853027344 0.5
2 4 3 2 0.9999999999995453 0.999999999998181 0.9999999999708962 0.9999999999999432 0.9999999999999999
2 4 3 3 0.25 0.9998779296875 0.99993896484375 0.99609375 0.998046875
2 4 3 4 0.9990234375 0.99951171875 0.9990234375 0.9921875 0.999755859375
2 4 4 0 0.999969482421875 0.5 0.9999923706054688 0.5 0.999969482421875
2 4 4 1 0.25 0.875 0.9999961853027344 0.999755859375 0.9998779296875
2 4 4 2 0.96875 0.875 0.9921875 0.99609375 0.9999995231628418
2 4 4 3 0.99951171875 0.9921875 0.984375 0.9921875 0.99951171875
2 4 4 4 0.9375 0.99609375 0.25 0.5 0.9990234375
3 0 0 0 0.5 0.5 0.5 0.5 0.5
3 0 0 1 0.5 1.0 0.5 0.5 1.0
3 0 0 2 0.5 1.0 0.5 0.5 1.0
3 0 0 3 0.5 1.0 0.5 0.5 0.0078125
3 0 0 4 0.5 0.0625 0.5 0.5 0.9999999995343387
3 0 1 0 1.0 0.5 0.5 0.5 0.00390625
3 0 1 1 0.015625 0.9999847412109375 0.5 0.5 0.9999999999417923
3 0 1 2 0.015625 1.0 0.5 0.5 0.03125
3 0 1 3 0.9999847412109375 0.999755859375 0.5 0.5 0.9921875
3 0 1 4 0.9999995231628418 0.03125 0.5 0.5 0.9999999701976776
3 0 2 0 1.0 0.5 0.5 0.5 1.0
3 0 2 1 1.0 0.03125 0.5 0.5 0.9999999999999999
3 0 2 2 0.00390625 0.0078125 0.5 0.5 1.0
3 0 2 3 0.00390625 0.0078125 0.5 0.5 1.0
3 0 2 4 0.9921875 0.015625 0.5 0.5 0.9999999701976776
3 0 3 0 1.0 0.5 0.5 0.5 0.03125
3 0 3 1 0.9999990463256836 0.99951171875 0.5 0.5 0.999755859375
3 0 3 2 4.8828125E-4 0.0078125 0.5 0.5 1.0
3 0 3 3 0.9375 0.998046875 0.5 0.5 0.0625
3 0 3 4 0.03125 0.0078125 0.5 0.5 1.0
3 0 4 0 0.03125 0.5 0.5 0.5 0.9999997615814209
3 0 4 1 0.03125 0.999969482421875 0.5 0.5 0.999999999996362
3 0 4 2 0.03125 0.9999999962747097 0.5 0.5 1.0
3 0 4 3 0.0625 0.9999995231628418 0.5 0.5 0.984375
3 0 4 4 0.03125 0.03125 0.5 0.5 0.99951171875
3 1 0 0 0.5 0.5 0.5 0.5 0.5
3 1 0 1 0.5 0.9990234375 0.5 0.9998779296875 0.999755859375
3 1 0 2 0.5 0.9999961853027344 0.5 0.99993896484375 0.9999961853027344
3 1 0 3 0.5 0.25 0.5 0.984375 0.99993896484375
3 1 0 4 0.5 0.9999999990686774 0.5 0.9999999999417923 0.9999999925494194
3 1 1 0 0.9999999403953552 0.5 0.9999999990686774 0.5 0.999969482421875
3 1 1 1 0.99609375 0.999999999992724 0.9999999995343387 0.9999997615814209 0.9999999999999982
3 1 1 2 1.0 1.0 1.0 1.0 1.0
3 1 1 3 0.875 0.125 0.0625 0.9921875 0.03125
3 1 1 4 0.5 0.999969482421875 0.99993896484375 0.9999999925494194 0.9999961853027344
3 1 2 0 0.9999999999999964 0.5 0.875 0.5 0.9999999925494194
3 1 2 1 0.999999999992724 0.99951171875 0.75 0.25 0.9999847412109375
3 1 2 2 1.0 1.0 0.0625 0.999999999992724 1.0
3 1 2 3 0.9999999990686774 0.9999999997671694 0.9999999850988388 0.9999999997671694 0.998046875
3 1 2 4 0.9999999997671694 0.9921875 0.9990234375 0.9999999925494194 0.9999961853027344
3 1 3 0 0.875 0.5 0.5 0.5 0.75
3 1 3 1 0.875 0.96875 0.9375 0.125 0.96875
3 1 3 2 0.9999999990686774 0.9999999999999432 0.999999999996362 0.9999961853027344 0.9999999850988388
3 1 3 3 0.9999999701976776 0.9999923706054688 0.9999980926513672 0.9999998807907104 0.99609375
3 1 3 4 0.9999995231628418 0.5 0.999969482421875 0.9999847412109375 0.99993896484375
3 1 4 0 0.9999999403953552 0.5 0.9999999999997726 0.5 0.9999999999990905
3 1 4 1 0.9999980926513672 0.0625 0.9999961853027344 0.9999923706054688 0.5
3 1 4 2 0.9999847412109375 0.9999999981373549 0.9999997615814209 0.96875 0.999969482421875
3 1 4 3 0.9921875 0.998046875 0.9999999403953552 0.03125 0.9990234375
3 1 4 4 0.9998779296875 0.9999999925494194 0.9999847412109375 0.25 0.9999980926513672
3 2 0 0 0.5 0.5 0.5 0.5 0.5
3 2 0 1 0.5 1.0 0.5 1.0 0.5
3 2 0 2 0.5 1.0 0.5 0.9999999999995453 0.5
3 2 0 3 0.5 0.9990234375 0.5 0.999969482421875 0.5
3 2 0 4 0.5 0.9999999999990905 0.5 0.9999999999708962 0.5
3 2 1 0 1.0 0.5 1.0 0.5 0.5
3 2 1 1 1.0 1.0 1.0 1.0 0.5
3 2 1 2 1.0 1.0 1.0 1.0 0.5
3 2 1 3 0.9999961853027344 0.9999998807907104 0.9999923706054688 0.9999999990686774 0.5
3 2 1 4 1.0 0.015625 1.0 1.0 0.5
3 2 2 0 1.0 0.5 0.9999999999999991 0.5 0.5
3 2 2 1 0.9999999999997726 0.999999999996362 0.9999923706054688 0.9999999995343387 0.5
3 2 2 2 1.0 1.0 1.0 1.0 0.5
3 2 2 3 1.0 0.9999999999999432 0.9999999999999991 0.9999999999990905 0.5
3 2 2 4 0.9999998807907104 0.875 0.9999998807907104 0.99993896484375 0.5
3 2 3 0 0.96875 0.5 0.99951171875 0.5 0.5
3 2 3 1 0.9999999701976776 0.999755859375 0.9999999999708962 0.0625 0.5
3 2 3 2 0.9999999701976776 0.9999999925494194 0.9999999962747097 0.9999999997671694 0.5
3 2 3 3 0.9999997615814209 0.9999999403953552 0.9999995231628418 0.9999999701976776 0.5
3 2 3 4 0.999969482421875 0.9999847412109375 0.25 0.96875 0.5
3 2 4 0 1.0 0.5 1.0 0.5 0.5
3 2 4 1 0.9999999999999858 0.00390625 0.9999999999997726 0.0078125 0.5
3 2 4 2 0.9999980926513672 0.99951171875 0.999969482421875 0.9999847412109375 0.5
3 2 4 3 0.99609375 0.9990234375 0.99609375 0.9375 0.5
3 2 4 4 0.9999999981373549 0.875 0.9990234375 0.9999997615814209 0.5
3 3 0 0 0.5 0.5 0.5 0.5 0.5
3 3 0 1 0.5 1.0 0.5 1.0 0.5
3 3 0 2 0.5 1.0 0.5 0.9999999999999964 0.5
3 3 0 3 0.5 0.5 0.5 0.5 0.5
3 3 0 4 0.5 0.9999999701976776 0.5 0.9999999701976776 0.5
3 3 1 0 1.0 0.5 1.0 0.5 0.5
3 3 1 1 1.0 1.0 1.0 1.0 0.5
3 3 1 2 0.9990234375 1.0 0.9999999701976776 1.0 0.5
3 3 1 3 0.9999990463256836 0.9999995231628418 0.9921875 0.9999847412109375 0.5
3 3 1 4 0.9999990463256836 0.9999997615814209 0.9999990463256836 0.9999999995343387 0.5
3 3 2 0 0.9999999999999982 0.5 1.0 0.5 0.5
3 3 2 1 0.9999999962747097 0.99993896484375 0.9999999925494194 0.9999997615814209 0.5
3 3 2 2 1.0 1.0 1.0 1.0 0.5
3 3 2 3 0.9999980926513672 0.9999980926513672 0.9999999850988388 0.9999999999995453 0.5
3 3 2 4 0.5 0.9990234375 0.9999923706054688 0.99951171875 0.5
3 3 3 0 0.5 0.5 0.5 0.5 0.5
3 3 3 1 0.9999990463256836 0.9999923706054688 0.999755859375 0.99993896484375 0.5
3 3 3 2 0.96875 0.9375 0.875 0.984375 0.5
3 3 3 3 0.999755859375 0.9990234375 0.75 0.96875 0.5
3 3 3 4 0.875 0.75 0.5 0.75 0.5
3 3 4 0 0.9999999999990905 0.5 1.0 0.5 0.5
3 3 4 1 0.9999999998835847 0.9999999981373549 0.25 0.9999999990686774 0.5
3 3 4 2 0.998046875 0.9999999999417923 0.9999999701976776 0.9999999981373549 0.5
3 3 4 3 0.125 0.75 0.75 0.5 0.5
3 3 4 4 0.25 0.999969482421875 0.998046875 0.998046875 0.5
3 4 0 0 0.5 0.5 0.5 0.5 0.5
3 4 0 1 0.5 0.9999999999417923 0.5 0.9999999999999999 0.5
3 4 0 2 0.5 1.0 0.5 1.0 0.5
3 4 0 3 0.5 0.9999847412109375 0.5 0.9921875 0.5
3 4 0 4 0.5 0.5 0.5 0.96875 0.5
3 4 1 0 1.0 0.5 1.0 0.5 0.5
3 4 1 1 0.9999999999999432 0.0625 0.9999999999999996 1.0 0.5
3 4 1 2 0.9998779296875 0.999999999996362 0.9999999962747097 0.9999999999999998 0.5
3 4 1 3 0.96875 0.9999961853027344 0.9999999850988388 0.9999961853027344 0.5
3 4 1 4 0.9999923706054688 0.999969482421875 0.9999997615814209 0.96875 0.5
3 4 2 0 1.0 0.5 0.9999999999999432 0.5 0.5
3 4 2 1 0.9999999999708962 0.9999999701976776 0.9999999403953552 0.9999999981373549 0.5
3 4 2 2 0.0078125 0.9999999925494194 1.0 1.0 0.5
3 4 2 3 0.999999999996362 0.9999980926513672 0.99951171875 0.9999999850988388 0.5
3 4 2 4 0.999755859375 0.99609375 0.9999999925494194 0.9999961853027344 0.5
3 4 3 0 0.9998779296875 0.5 0.998046875 0.5 0.5
3 4 3 1 0.9921875 0.9921875 0.9921875 0.9999847412109375 0.5
3 4 3 2 0.9999961853027344 0.9999999701976776 0.9998779296875 0.9999995231628418 0.5
3 4 3 3 0.96875 0.999755859375 0.999969482421875 0.125 0.5
3 4 3 4 0.5 0.984375 0.9375 0.5 0.5
3 4 4 0 0.75 0.5 0.9375 0.5 0.5
3 4 4 1 0.998046875 0.9999990463256836 0.9999995231628418 0.999755859375 0.5
3 4 4 2 0.25 0.9999999998835847 0.9999995231628418 0.125 0.5
3 4 4 3 0.96875 0.96875 0.25 0.25 0.5
3 4 4 4 0.5 0.5 0.5 0.5 0.5
4 0 0 0 0.5 0.5 0.5 0.5 0.5
4 0 0 1 0.5 1.0 0.5 0.5 1.0
4 0 0 2 0.5 0.0078125 0.5 0.5 1.0
4 0 0 3 0.5 1.0 0.5 0.5 1.0
4 0 0 4 0.5 0.99993896484375 0.5 0.5 0.9921875
4 0 1 0 1.0 0.5 0.5 0.5 1.0
4 0 1 1 0.015625 0.0078125 0.5 0.5 1.0
4 0 1 2 1.0 0.0078125 0.5 0.5 1.0
4 0 1 3 0.9999999403953552 0.0078125 0.5 0.5 0.9999997615814209
4 0 1 4 0.999969482421875 0.0078125 0.5 0.5 0.984375
4 0 2 0 0.0078125 0.5 0.5 0.5 1.0
4 0 2 1 0.001953125 0.03125 0.5 0.5 1.0
4 0 2 2 0.015625 0.015625 0.5 0.5 1.0
4 0 2 3 0.015625 0.9999999999997726 0.5 0.5 0.015625
4 0 2 4 0.0078125 0.9999997615814209 0.5 0.5 0.9990234375
4 0 3 0 0.99609375 0.5 0.5 0.5 1.0
4 0 3 1 0.03125 0.9999999999995453 0.5 0.5 0.9999999403953552
4 0 3 2 1.0 0.0625 0.5 0.5 0.9999999999998863
4 0 3 3 3.0517578125E-5 3.0517578125E-5 0.5 0.5 1.0
4 0 3 4 0.9999999403953552 0.999969482421875 0.5 0.5 0.99951171875
4 0 4 0 0.9375 0.5 0.5 0.5 0.99951171875
4 0 4 1 0.125 0.5 0.5 0.5 0.99609375
4 0 4 2 0.9999997615814209 0.25 0.5 0.5 0.9999995231628418
4 0 4 3 0.9999999998835847 0.125 0.5 0.5 0.5
4 0 4 4 0.9998779296875 0.984375 0.5 0.5 0.0625
4 1 0 0 0.5 0.5 0.5 0.5 0.5
4 1 0 1 0.5 0.99993896484375 0.5 0.99609375 0.984375
4 1 0 2 0.5 0.9999999999999964 0.5 0.9999999999999964 0.9999999990686774
4 1 0 3 0.5 1.0 0.5 0.9999999999999982 0.9999999999999858
4 1 0 4 0.5 0.9921875 0.5 0.999755859375 0.9921875
4 1 1 0 1.0 0.5 0.9999999999999996 0.5 0.9999999999999432
4 1 1 1 0.9999999999990905 0.9999999999999991 0.9999847412109375 0.9999999990686774 0.9999999701976776
4 1 1 2 1.0 1.0 1.0 1.0 1.0
4 1 1 3 0.9999999999854481 0.75 0.99993896484375 0.9999999995343387 0.99951171875
4 1 1 4 0.99609375 0.9921875 0.75 0.998046875 0.75
4 1 2 0 0.9999999999999929 0.5 1.0 0.5 0.125
4 1 2 1 0.998046875 0.9998779296875 0.998046875 0.99951171875 0.998046875
4 1 2 2 0.999999999996362 0.9999999701976776 0.9999999981373549 0.9999999999999716 0.999999999992724
4 1 2 3 0.9999999999997726 0.999999999992724 0.0625 0.9999998807907104 0.9999999999708962
4 1 2 4 0.999969482421875 0.25 0.984375 0.9999847412109375 0.99609375
4 1 3 0 0.9999999999854481 0.5 0.9999999999990905 0.5 0.9999999999999964
4 1 3 1 0.9990234375 0.96875 0.96875 0.9375 0.99609375
4 1 3 2 0.9999999999999982 0.9999998807907104 0.9999999998835847 0.9999999981373549 0.9999961853027344
4 1 3 3 1.0 1.0 1.0 1.0 0.9999999999999991
4 1 3 4 0.99609375 0.9999847412109375 0.9990234375 0.9921875 0.9999990463256836
4 1 4 0 0.9375 0.5 0.999969482421875 0.5 0.9921875
4 1 4 1 0.5 0.75 0.984375 0.5 0.875
4 1 4 2 0.99609375 0.125 0.99951171875 0.984375 0.99993896484375
4 1 4 3 0.9990234375 0.9998779296875 0.9999847412109375 0.9999980926513672 0.125
4 1 4 4 0.75 0.9375 0.96875 0.5 0.5
4 2 0 0 0.5 0.5 0.5 0.5 0.5
4 2 0 1 0.5 0.9999999999999716 0.5 0.9999999403953552 0.999999999996362
4 2 0 2 0.5 0.9999999701976776 0.5 0.9999999999417923 0.9999995231628418
4 2 0 3 0.5 0.9921875 0.5 0.998046875 0.984375
4 2 0 4 0.5 0.9999990463256836 0.5 0.9375 0.9921875
4 2 1 0 1.0 0.5 0.9999999999999996 0.5 1.0
4 2 1 1 0.9999999999999964 0.9999999999999991 1.0 0.999999999998181 1.0
4 2 1 2 1.0 0.9999999999997726 0.96875 0.9999999999999858 1.0
4 2 1 3 0.9999999850988388 0.9999999962747097 0.9999923706054688 0.9999923706054688 0.9999999850988388
4 2 1 4 0.9999997615814209 0.984375 0.9999923706054688 0.96875 0.9999961853027344
4 2 2 0 0.9999999998835847 0.5 0.9999999999998863 0.5 0.9999999999997726
4 2 2 1 0.9998779296875 0.999755859375 0.9999995231628418 0.999755859375 0.9999999995343387
4 2 2 2 0.9999999999997726 0.9999999999999858 0.9999999999999998 1.0 0.9999999995343387
4 2 2 3 0.9999999999998863 0.9999998807907104 0.9999999998835847 0.9999999999998863 0.9999999999995453
4 2 2 4 0.99951171875 0.998046875 0.96875 0.9921875 0.25
4 2 3 0 0.9375 0.5 0.9921875 0.5 0.75
4 2 3 1 0.9999847412109375 0.9998779296875 0.9998779296875 0.75 0.999969482421875
4 2 3 2 1.0 1.0 1.0 1.0 0.9999999999990905
4 2 3 3 0.9999999850988388 0.9375 0.9921875 0.99951171875 0.5
4 2 3 4 0.0625 0.875 0.9999923706054688 0.999755859375 0.99951171875
4 2 4 0 0.9999923706054688 0.5 0.9999997615814209 0.5 0.9998779296875
4 2 4 1 0.9990234375 0.9999847412109375 0.9990234375 0.9990234375 0.998046875
4 2 4 2 0.999755859375 0.99951171875 0.9921875 0.9998779296875 0.9921875
4 2 4 3 0.99951171875 0.9990234375 0.9998779296875 0.999969482421875 0.998046875
4 2 4 4 0.96875 0.5 0.99609375 0.875 0.5
4 3 0 0 0.5 0.5 0.5 0.5 0.5
4 3 0 1 0.5 1.0 0.5 0.9999999999999716 0.5
4 3 0 2 0.5 1.0 0.5 1.0 0.5
4 3 0 3 0.5 0.9999923706054688 0.5 0.9999847412109375 0.5
4 3 0 4 0.5 0.984375 0.5 0.25 0.5
4 3 1 0 1.0 0.5 1.0 0.5 0.5
4 3 1 1 0.9999999999999716 1.0 0.9999999999708962 1.0 0.5
4 3 1 2 1.0 0.9999999999998863 0.9999999999999858 0.9999999999999991 0.5
4 3 1 3 0.9998779296875 0.99993896484375 0.9375 0.999969482421875 0.5
4 3 1 4 0.9999998807907104 0.99609375 0.999755859375 0.9999980926513672 0.5
4 3 2 0 1.0 0.5 1.0 0.5 0.5
4 3 2 1 0.99951171875 0.9999961853027344 0.9999999999854481 0.9999998807907104 0.5
4 3 2 2 1.0 1.0 1.0 1.0 0.5
4 3 2 3 0.9999999403953552 0.984375 0.999999999998181 0.9999961853027344 0.5
4 3 2 4 0.9998779296875 0.25 0.99993896484375 0.9921875 0.5
4 3 3 0 0.9998779296875 0.5 0.9999980926513672 0.5 0.5
4 3 3 1 0.875 0.9999961853027344 0.9999847412109375 0.999755859375 0.5
4 3 3 2 0.999999999992724 0.9999999999999858 0.9999999999997726 0.9999999999999996 0.5
4 3 3 3 0.9999990463256836 0.9999980926513672 0.9375 0.5 0.5
4 3 3 4 0.75 0.875 0.25 0.875 0.5
4 3 4 0 0.75 0.5 0.875 0.5 0.5
4 3 4 1 0.9999923706054688 0.99993896484375 0.9999847412109375 0.999969482421875 0.5
4 3 4 2 0.0625 0.9999999925494194 0.9999999999417923 0.9999999999999929 0.5
4 3 4 3 0.875 0.5 0.5 0.75 0.5
4 3 4 4 0.5 0.5 0.5 0.5 0.5
4 4 0 0 0.5 0.5 0.5 0.5 0.5
4 4 0 1 0.5 1.0 0.5 1.0 0.5
4 4 0 2 0.5 0.9999999999998863 0.5 0.9999999999854481 0.5
4 4 0 3 0.5 0.9999999999854481 0.5 0.9999999995343387 0.5
4 4 0 4 0.5 0.5 0.5 0.5 0.5
4 4 1 0 1.0 0.5 1.0 0.5 0.5
4 4 1 1 0.9999999999999982 0.9999999999990905 0.9999999999990905 0.9999999999999716 0.5
4 4 1 2 0.999999999992724 0.9999961853027344 0.9999999999999998 0.9999847412109375 0.5
4 4 1 3 0.9999995231628418 0.9999923706054688 0.9999999403953552 0.9999998807907104 0.5
4 4 1 4 0.9375 0.75 0.9990234375 0.96875 0.5
4 4 2 0 0.9999999403953552 0.5 0.9999847412109375 0.5 0.5
4 4 2 1 0.875 0.9999923706054688 0.9999999998835847 0.9999999997671694 0.5
4 4 2 2 0.9999990463256836 0.9999999997671694 0.9999999997671694 0.9999999925494194 0.5
4 4 2 3 0.9999999850988388 0.9999997615814209 0.9999999998835847 0.9999999999708962 0.5
4 4 2 4 0.9921875 0.9375 0.984375 0.984375 0.5
4 4 3 0 0.9999999990686774 0.5 0.9999961853027344 0.5 0.5
4 4 3 1 0.9375 0.99993896484375 0.9999961853027344 0.984375 0.5
4 4 3 2 0.9999990463256836 0.9999999701976776 0.9999999925494194 0.9999999998835847 0.5
4 4 3 3 0.9999999997671694 0.9999999999990905 0.9999990463256836 0.9999999701976776 0.5
4 4 3 4 0.99993896484375 0.875 0.9990234375 0.998046875 0.5
4 4 4 0 0.5 0.5 0.5 0.5 0.5
4 4 4 1 0.984375 0.984375 0.984375 0.9921875 0.5
4 4 4 2 0.99951171875 0.99609375 0.96875 0.9375 0.5
4 4 4 3 0.998046875 0.999755859375 0.9998779296875 0.99951171875 0.5
4 4 4 4 0.5 0.5 0.5 0.5 0.5
